0.10000,0.10000,0.00100,0.85000,2.00000,0.10000,0.05000,26.47485,0.00225
0.10000,0.10000,0.00100,0.85000,2.00000,0.10000,0.10000,23.29475,0.00469
0.10000,0.10000,0.00100,0.85000,2.00000,0.10000,0.15000,20.28762,0.00938
0.10000,0.10000,0.00100,0.85000,2.00000,0.10000,0.20000,17.59617,0.01745
0.10000,0.10000,0.00100,0.85000,2.00000,0.10000,0.25000,15.39532,0.02900
0.10000,0.10000,0.00100,0.85000,2.00000,0.10000,0.30000,13.51333,0.04475
0.10000,0.10000,0.00100,0.85000,2.00000,0.15000,0.05000,11.71128,0.06776
0.10000,0.10000,0.00100,0.85000,2.00000,0.15000,0.10000,10.62171,0.08713
0.10000,0.10000,0.00100,0.85000,2.00000,0.15000,0.15000,10.03056,0.09989
0.10000,0.10000,0.00100,0.85000,2.00000,0.15000,0.20000,9.72910,0.10709
0.10000,0.10000,0.00100,0.85000,2.00000,0.15000,0.25000,9.69946,0.10791
0.10000,0.10000,0.00100,0.85000,2.00000,0.15000,0.30000,9.72558,0.10728
0.10000,0.10000,0.00100,0.85000,2.00000,0.20000,0.05000,9.60871,0.11019
0.10000,0.10000,0.00100,0.85000,2.00000,0.20000,0.10000,9.41603,0.11516
0.10000,0.10000,0.00100,0.85000,2.00000,0.20000,0.15000,9.18771,0.12134
0.10000,0.10000,0.00100,0.85000,2.00000,0.20000,0.20000,8.89222,0.12986
0.10000,0.10000,0.00100,0.85000,2.00000,0.20000,0.25000,8.60859,0.13852
0.10000,0.10000,0.00100,0.85000,2.00000,0.20000,0.30000,8.36235,0.14652
0.10000,0.10000,0.00100,0.85000,2.00000,0.25000,0.05000,7.99571,0.15933
0.10000,0.10000,0.00100,0.85000,2.00000,0.25000,0.10000,7.73463,0.16910
0.10000,0.10000,0.00100,0.85000,2.00000,0.25000,0.15000,7.53119,0.17719
0.10000,0.10000,0.00100,0.85000,2.00000,0.25000,0.20000,7.40242,0.18255
0.10000,0.10000,0.00100,0.85000,2.00000,0.25000,0.25000,7.31956,0.18613
0.10000,0.10000,0.00100,0.85000,2.00000,0.25000,0.30000,7.28361,0.18771
0.10000,0.10000,0.00100,0.85000,2.00000,0.30000,0.05000,7.14114,0.19389
0.10000,0.10000,0.00100,0.85000,2.00000,0.30000,0.10000,7.03431,0.19879
0.10000,0.10000,0.00100,0.85000,2.00000,0.30000,0.15000,6.94896,0.20275
0.10000,0.10000,0.00100,0.85000,2.00000,0.30000,0.20000,6.92256,0.20393
0.10000,0.10000,0.00100,0.85000,2.00000,0.30000,0.25000,6.92682,0.20368
0.10000,0.10000,0.00100,0.85000,2.00000,0.30000,0.30000,6.94462,0.20282
0.10000,0.10000,0.00100,0.85000,2.00000,0.35000,0.05000,6.82465,0.20874
0.10000,0.10000,0.00100,0.85000,2.00000,0.35000,0.10000,6.80146,0.20996
0.10000,0.10000,0.00100,0.85000,2.00000,0.35000,0.15000,6.82013,0.20918
0.10000,0.10000,0.00100,0.85000,2.00000,0.35000,0.20000,6.90109,0.20540
0.10000,0.10000,0.00100,0.85000,2.00000,0.35000,0.25000,7.01729,0.19989
0.10000,0.10000,0.00100,0.85000,2.00000,0.35000,0.30000,7.12011,0.19525
0.10000,0.10000,0.00100,0.85000,2.00000,0.40000,0.05000,7.04984,0.19859
0.10000,0.10000,0.00100,0.85000,2.00000,0.40000,0.10000,7.03128,0.19951
0.10000,0.10000,0.00100,0.85000,2.00000,0.40000,0.15000,7.08313,0.19701
0.10000,0.10000,0.00100,0.85000,2.00000,0.40000,0.20000,7.14191,0.19426
0.10000,0.10000,0.00100,0.85000,2.00000,0.40000,0.25000,7.20928,0.19119
0.10000,0.10000,0.00100,0.85000,2.00000,0.40000,0.30000,7.26882,0.18850
0.10000,0.10000,0.00100,0.85000,2.00000,0.45000,0.05000,7.17157,0.19286
0.10000,0.10000,0.00100,0.85000,2.00000,0.45000,0.10000,7.13345,0.19460
0.10000,0.10000,0.00100,0.85000,2.00000,0.45000,0.15000,7.15519,0.19349
0.10000,0.10000,0.00100,0.85000,2.00000,0.45000,0.20000,7.19161,0.19181
0.10000,0.10000,0.00100,0.85000,2.00000,0.45000,0.25000,7.27357,0.18814
0.10000,0.10000,0.00100,0.85000,2.00000,0.45000,0.30000,7.38799,0.18315
0.10000,0.10000,0.00100,0.85000,2.00000,0.50000,0.05000,7.33576,0.18559
0.10000,0.10000,0.00100,0.85000,2.00000,0.50000,0.10000,7.34966,0.18512
0.10000,0.10000,0.00100,0.85000,2.00000,0.50000,0.15000,7.42577,0.18195
0.10000,0.10000,0.00100,0.85000,2.00000,0.50000,0.20000,7.50332,0.17872
0.10000,0.10000,0.00100,0.85000,2.00000,0.50000,0.25000,7.60308,0.17462
0.10000,0.10000,0.00100,0.85000,2.00000,0.50000,0.30000,7.71506,0.17006
0.10000,0.10000,0.00100,0.85000,2.10000,0.10000,0.05000,8.70431,0.13505
0.10000,0.10000,0.00100,0.85000,2.10000,0.10000,0.10000,9.51373,0.11213
0.10000,0.10000,0.00100,0.85000,2.10000,0.10000,0.15000,10.33101,0.09298
0.10000,0.10000,0.00100,0.85000,2.10000,0.10000,0.20000,11.03326,0.07924
0.10000,0.10000,0.00100,0.85000,2.10000,0.10000,0.25000,11.55565,0.07045
0.10000,0.10000,0.00100,0.85000,2.10000,0.10000,0.30000,11.94748,0.06467
0.10000,0.10000,0.00100,0.85000,2.10000,0.15000,0.05000,12.06274,0.06326
0.10000,0.10000,0.00100,0.85000,2.10000,0.15000,0.10000,12.07538,0.06341
0.10000,0.10000,0.00100,0.85000,2.10000,0.15000,0.15000,12.09896,0.06342
0.10000,0.10000,0.00100,0.85000,2.10000,0.15000,0.20000,12.12256,0.06346
0.10000,0.10000,0.00100,0.85000,2.10000,0.15000,0.25000,12.15441,0.06332
0.10000,0.10000,0.00100,0.85000,2.10000,0.15000,0.30000,12.20501,0.06280
0.10000,0.10000,0.00100,0.85000,2.10000,0.20000,0.05000,12.03695,0.06524
0.10000,0.10000,0.00100,0.85000,2.10000,0.20000,0.10000,11.87582,0.06770
0.10000,0.10000,0.00100,0.85000,2.10000,0.20000,0.15000,11.77540,0.06932
0.10000,0.10000,0.00100,0.85000,2.10000,0.20000,0.20000,11.69973,0.07053
0.10000,0.10000,0.00100,0.85000,2.10000,0.20000,0.25000,11.63405,0.07160
0.10000,0.10000,0.00100,0.85000,2.10000,0.20000,0.30000,11.59314,0.07230
0.10000,0.10000,0.00100,0.85000,2.10000,0.25000,0.05000,11.32810,0.07695
0.10000,0.10000,0.00100,0.85000,2.10000,0.25000,0.10000,11.14939,0.08034
0.10000,0.10000,0.00100,0.85000,2.10000,0.25000,0.15000,11.04099,0.08256
0.10000,0.10000,0.00100,0.85000,2.10000,0.25000,0.20000,10.98028,0.08393
0.10000,0.10000,0.00100,0.85000,2.10000,0.25000,0.25000,10.94046,0.08495
0.10000,0.10000,0.00100,0.85000,2.10000,0.25000,0.30000,10.90845,0.08586
0.10000,0.10000,0.00100,0.85000,2.10000,0.30000,0.05000,10.76945,0.08895
0.10000,0.10000,0.00100,0.85000,2.10000,0.30000,0.10000,10.69254,0.09082
0.10000,0.10000,0.00100,0.85000,2.10000,0.30000,0.15000,10.64477,0.09201
0.10000,0.10000,0.00100,0.85000,2.10000,0.30000,0.20000,10.60545,0.09297
0.10000,0.10000,0.00100,0.85000,2.10000,0.30000,0.25000,10.56985,0.09380
0.10000,0.10000,0.00100,0.85000,2.10000,0.30000,0.30000,10.54797,0.09432
0.10000,0.10000,0.00100,0.85000,2.10000,0.35000,0.05000,10.50950,0.09536
0.10000,0.10000,0.00100,0.85000,2.10000,0.35000,0.10000,10.48596,0.09600
0.10000,0.10000,0.00100,0.85000,2.10000,0.35000,0.15000,10.46708,0.09658
0.10000,0.10000,0.00100,0.85000,2.10000,0.35000,0.20000,10.45458,0.09703
0.10000,0.10000,0.00100,0.85000,2.10000,0.35000,0.25000,10.46235,0.09705
0.10000,0.10000,0.00100,0.85000,2.10000,0.35000,0.30000,10.48133,0.09681
0.10000,0.10000,0.00100,0.85000,2.10000,0.40000,0.05000,10.41441,0.09846
0.10000,0.10000,0.00100,0.85000,2.10000,0.40000,0.10000,10.38891,0.09919
0.10000,0.10000,0.00100,0.85000,2.10000,0.40000,0.15000,10.38425,0.09936
0.10000,0.10000,0.00100,0.85000,2.10000,0.40000,0.20000,10.38795,0.09934
0.10000,0.10000,0.00100,0.85000,2.10000,0.40000,0.25000,10.39200,0.09927
0.10000,0.10000,0.00100,0.85000,2.10000,0.40000,0.30000,10.41050,0.09889
0.10000,0.10000,0.00100,0.85000,2.10000,0.45000,0.05000,10.32187,0.10104
0.10000,0.10000,0.00100,0.85000,2.10000,0.45000,0.10000,10.29769,0.10174
0.10000,0.10000,0.00100,0.85000,2.10000,0.45000,0.15000,10.28606,0.10199
0.10000,0.10000,0.00100,0.85000,2.10000,0.45000,0.20000,10.28626,0.10193
0.10000,0.10000,0.00100,0.85000,2.10000,0.45000,0.25000,10.28867,0.10181
0.10000,0.10000,0.00100,0.85000,2.10000,0.45000,0.30000,10.30076,0.10152
0.10000,0.10000,0.00100,0.85000,2.10000,0.50000,0.05000,10.24604,0.10291
0.10000,0.10000,0.00100,0.85000,2.10000,0.50000,0.10000,10.22256,0.10345
0.10000,0.10000,0.00100,0.85000,2.10000,0.50000,0.15000,10.22446,0.10326
0.10000,0.10000,0.00100,0.85000,2.10000,0.50000,0.20000,10.21758,0.10321
0.10000,0.10000,0.00100,0.85000,2.10000,0.50000,0.25000,10.23037,0.10279
0.10000,0.10000,0.00100,0.85000,2.10000,0.50000,0.30000,10.25960,0.10203
0.10000,0.10000,0.00100,0.85000,2.20000,0.10000,0.05000,10.90009,0.08833
0.10000,0.10000,0.00100,0.85000,2.20000,0.10000,0.10000,11.27334,0.08137
0.10000,0.10000,0.00100,0.85000,2.20000,0.10000,0.15000,11.52881,0.07707
0.10000,0.10000,0.00100,0.85000,2.20000,0.10000,0.20000,11.72471,0.07391
0.10000,0.10000,0.00100,0.85000,2.20000,0.10000,0.25000,11.93017,0.07076
0.10000,0.10000,0.00100,0.85000,2.20000,0.10000,0.30000,12.19021,0.06694
0.10000,0.10000,0.00100,0.85000,2.20000,0.15000,0.05000,12.42590,0.06374
0.10000,0.10000,0.00100,0.85000,2.20000,0.15000,0.10000,12.66955,0.06062
0.10000,0.10000,0.00100,0.85000,2.20000,0.15000,0.15000,12.92628,0.05764
0.10000,0.10000,0.00100,0.85000,2.20000,0.15000,0.20000,13.15609,0.05518
0.10000,0.10000,0.00100,0.85000,2.20000,0.15000,0.25000,13.36759,0.05305
0.10000,0.10000,0.00100,0.85000,2.20000,0.15000,0.30000,13.55321,0.05130
0.10000,0.10000,0.00100,0.85000,2.20000,0.20000,0.05000,13.50346,0.05227
0.10000,0.10000,0.00100,0.85000,2.20000,0.20000,0.10000,13.22838,0.05575
0.10000,0.10000,0.00100,0.85000,2.20000,0.20000,0.15000,13.03401,0.05838
0.10000,0.10000,0.00100,0.85000,2.20000,0.20000,0.20000,12.91055,0.06012
0.10000,0.10000,0.00100,0.85000,2.20000,0.20000,0.25000,12.82284,0.06123
0.10000,0.10000,0.00100,0.85000,2.20000,0.20000,0.30000,12.79605,0.06153
0.10000,0.10000,0.00100,0.85000,2.20000,0.25000,0.05000,12.71917,0.06243
0.10000,0.10000,0.00100,0.85000,2.20000,0.25000,0.10000,12.64429,0.06331
0.10000,0.10000,0.00100,0.85000,2.20000,0.25000,0.15000,12.64371,0.06322
0.10000,0.10000,0.00100,0.85000,2.20000,0.25000,0.20000,12.65057,0.06304
0.10000,0.10000,0.00100,0.85000,2.20000,0.25000,0.25000,12.66890,0.06276
0.10000,0.10000,0.00100,0.85000,2.20000,0.25000,0.30000,12.66326,0.06274
0.10000,0.10000,0.00100,0.85000,2.20000,0.30000,0.05000,12.44683,0.06572
0.10000,0.10000,0.00100,0.85000,2.20000,0.30000,0.10000,12.31038,0.06766
0.10000,0.10000,0.00100,0.85000,2.20000,0.30000,0.15000,12.24529,0.06848
0.10000,0.10000,0.00100,0.85000,2.20000,0.30000,0.20000,12.19437,0.06906
0.10000,0.10000,0.00100,0.85000,2.20000,0.30000,0.25000,12.16772,0.06933
0.10000,0.10000,0.00100,0.85000,2.20000,0.30000,0.30000,12.14650,0.06954
0.10000,0.10000,0.00100,0.85000,2.20000,0.35000,0.05000,11.96046,0.07247
0.10000,0.10000,0.00100,0.85000,2.20000,0.35000,0.10000,11.87736,0.07379
0.10000,0.10000,0.00100,0.85000,2.20000,0.35000,0.15000,11.82891,0.07444
0.10000,0.10000,0.00100,0.85000,2.20000,0.35000,0.20000,11.77885,0.07514
0.10000,0.10000,0.00100,0.85000,2.20000,0.35000,0.25000,11.78178,0.07502
0.10000,0.10000,0.00100,0.85000,2.20000,0.35000,0.30000,11.79380,0.07474
0.10000,0.10000,0.00100,0.85000,2.20000,0.40000,0.05000,11.60520,0.07795
0.10000,0.10000,0.00100,0.85000,2.20000,0.40000,0.10000,11.49323,0.07996
0.10000,0.10000,0.00100,0.85000,2.20000,0.40000,0.15000,11.41846,0.08126
0.10000,0.10000,0.00100,0.85000,2.20000,0.40000,0.20000,11.37380,0.08198
0.10000,0.10000,0.00100,0.85000,2.20000,0.40000,0.25000,11.34140,0.08248
0.10000,0.10000,0.00100,0.85000,2.20000,0.40000,0.30000,11.35278,0.08219
0.10000,0.10000,0.00100,0.85000,2.20000,0.45000,0.05000,11.22408,0.08455
0.10000,0.10000,0.00100,0.85000,2.20000,0.45000,0.10000,11.19437,0.08513
0.10000,0.10000,0.00100,0.85000,2.20000,0.45000,0.15000,11.15967,0.08560
0.10000,0.10000,0.00100,0.85000,2.20000,0.45000,0.20000,11.13010,0.08590
0.10000,0.10000,0.00100,0.85000,2.20000,0.45000,0.25000,11.10734,0.08606
0.10000,0.10000,0.00100,0.85000,2.20000,0.45000,0.30000,11.10224,0.08594
0.10000,0.10000,0.00100,0.85000,2.20000,0.50000,0.05000,11.02481,0.08744
0.10000,0.10000,0.00100,0.85000,2.20000,0.50000,0.10000,10.98922,0.08804
0.10000,0.10000,0.00100,0.85000,2.20000,0.50000,0.15000,10.95469,0.08856
0.10000,0.10000,0.00100,0.85000,2.20000,0.50000,0.20000,10.92376,0.08902
0.10000,0.10000,0.00100,0.85000,2.20000,0.50000,0.25000,10.89044,0.08948
0.10000,0.10000,0.00100,0.85000,2.20000,0.50000,0.30000,10.86810,0.08970
0.10000,0.10000,0.00100,0.85000,2.30000,0.10000,0.05000,11.47002,0.07822
0.10000,0.10000,0.00100,0.85000,2.30000,0.10000,0.10000,11.70335,0.07431
0.10000,0.10000,0.00100,0.85000,2.30000,0.10000,0.15000,11.86380,0.07187
0.10000,0.10000,0.00100,0.85000,2.30000,0.10000,0.20000,12.02768,0.06948
0.10000,0.10000,0.00100,0.85000,2.30000,0.10000,0.25000,12.21421,0.06685
0.10000,0.10000,0.00100,0.85000,2.30000,0.10000,0.30000,12.39975,0.06435
0.10000,0.10000,0.00100,0.85000,2.30000,0.15000,0.05000,12.60075,0.06179
0.10000,0.10000,0.00100,0.85000,2.30000,0.15000,0.10000,12.66508,0.06120
0.10000,0.10000,0.00100,0.85000,2.30000,0.15000,0.15000,12.73297,0.06065
0.10000,0.10000,0.00100,0.85000,2.30000,0.15000,0.20000,12.77048,0.06045
0.10000,0.10000,0.00100,0.85000,2.30000,0.15000,0.25000,12.74284,0.06103
0.10000,0.10000,0.00100,0.85000,2.30000,0.15000,0.30000,12.68157,0.06205
0.10000,0.10000,0.00100,0.85000,2.30000,0.20000,0.05000,12.49756,0.06502
0.10000,0.10000,0.00100,0.85000,2.30000,0.20000,0.10000,12.36364,0.06714
0.10000,0.10000,0.00100,0.85000,2.30000,0.20000,0.15000,12.23625,0.06915
0.10000,0.10000,0.00100,0.85000,2.30000,0.20000,0.20000,12.09948,0.07126
0.10000,0.10000,0.00100,0.85000,2.30000,0.20000,0.25000,11.99707,0.07279
0.10000,0.10000,0.00100,0.85000,2.30000,0.20000,0.30000,11.91014,0.07410
0.10000,0.10000,0.00100,0.85000,2.30000,0.25000,0.05000,11.78321,0.07600
0.10000,0.10000,0.00100,0.85000,2.30000,0.25000,0.10000,11.67590,0.07770
0.10000,0.10000,0.00100,0.85000,2.30000,0.25000,0.15000,11.59142,0.07902
0.10000,0.10000,0.00100,0.85000,2.30000,0.25000,0.20000,11.52329,0.08007
0.10000,0.10000,0.00100,0.85000,2.30000,0.25000,0.25000,11.45730,0.08111
0.10000,0.10000,0.00100,0.85000,2.30000,0.25000,0.30000,11.38649,0.08222
0.10000,0.10000,0.00100,0.85000,2.30000,0.30000,0.05000,11.29685,0.08380
0.10000,0.10000,0.00100,0.85000,2.30000,0.30000,0.10000,11.23757,0.08481
0.10000,0.10000,0.00100,0.85000,2.30000,0.30000,0.15000,11.20804,0.08526
0.10000,0.10000,0.00100,0.85000,2.30000,0.30000,0.20000,11.20157,0.08520
0.10000,0.10000,0.00100,0.85000,2.30000,0.30000,0.25000,11.20452,0.08494
0.10000,0.10000,0.00100,0.85000,2.30000,0.30000,0.30000,11.20869,0.08467
0.10000,0.10000,0.00100,0.85000,2.30000,0.35000,0.05000,11.14266,0.08578
0.10000,0.10000,0.00100,0.85000,2.30000,0.35000,0.10000,11.11230,0.08627
0.10000,0.10000,0.00100,0.85000,2.30000,0.35000,0.15000,11.06765,0.08690
0.10000,0.10000,0.00100,0.85000,2.30000,0.35000,0.20000,11.03648,0.08722
0.10000,0.10000,0.00100,0.85000,2.30000,0.35000,0.25000,11.02566,0.08715
0.10000,0.10000,0.00100,0.85000,2.30000,0.35000,0.30000,11.05071,0.08646
0.10000,0.10000,0.00100,0.85000,2.30000,0.40000,0.05000,10.98188,0.08774
0.10000,0.10000,0.00100,0.85000,2.30000,0.40000,0.10000,10.95225,0.08838
0.10000,0.10000,0.00100,0.85000,2.30000,0.40000,0.15000,10.93839,0.08862
0.10000,0.10000,0.00100,0.85000,2.30000,0.40000,0.20000,10.91589,0.08894
0.10000,0.10000,0.00100,0.85000,2.30000,0.40000,0.25000,10.89104,0.08929
0.10000,0.10000,0.00100,0.85000,2.30000,0.40000,0.30000,10.85721,0.08985
0.10000,0.10000,0.00100,0.85000,2.30000,0.45000,0.05000,10.74508,0.09215
0.10000,0.10000,0.00100,0.85000,2.30000,0.45000,0.10000,10.70064,0.09311
0.10000,0.10000,0.00100,0.85000,2.30000,0.45000,0.15000,10.68652,0.09342
0.10000,0.10000,0.00100,0.85000,2.30000,0.45000,0.20000,10.65941,0.09391
0.10000,0.10000,0.00100,0.85000,2.30000,0.45000,0.25000,10.63677,0.09425
0.10000,0.10000,0.00100,0.85000,2.30000,0.45000,0.30000,10.62908,0.09425
0.10000,0.10000,0.00100,0.85000,2.30000,0.50000,0.05000,10.54166,0.09614
0.10000,0.10000,0.00100,0.85000,2.30000,0.50000,0.10000,10.53748,0.09629
0.10000,0.10000,0.00100,0.85000,2.30000,0.50000,0.15000,10.55938,0.09582
0.10000,0.10000,0.00100,0.85000,2.30000,0.50000,0.20000,10.56379,0.09560
0.10000,0.10000,0.00100,0.85000,2.30000,0.50000,0.25000,10.55918,0.09552
0.10000,0.10000,0.00100,0.85000,2.30000,0.50000,0.30000,10.57259,0.09518
0.10000,0.10000,0.00100,0.85000,2.40000,0.10000,0.05000,11.19472,0.08268
0.10000,0.10000,0.00100,0.85000,2.40000,0.10000,0.10000,11.55893,0.07625
0.10000,0.10000,0.00100,0.85000,2.40000,0.10000,0.15000,11.78081,0.07291
0.10000,0.10000,0.00100,0.85000,2.40000,0.10000,0.20000,11.90660,0.07117
0.10000,0.10000,0.00100,0.85000,2.40000,0.10000,0.25000,11.99824,0.06989
0.10000,0.10000,0.00100,0.85000,2.40000,0.10000,0.30000,12.12640,0.06807
0.10000,0.10000,0.00100,0.85000,2.40000,0.15000,0.05000,12.01443,0.06996
0.10000,0.10000,0.00100,0.85000,2.40000,0.15000,0.10000,11.88865,0.07202
0.10000,0.10000,0.00100,0.85000,2.40000,0.15000,0.15000,11.83183,0.07310
0.10000,0.10000,0.00100,0.85000,2.40000,0.15000,0.20000,11.76163,0.07435
0.10000,0.10000,0.00100,0.85000,2.40000,0.15000,0.25000,11.70889,0.07529
0.10000,0.10000,0.00100,0.85000,2.40000,0.15000,0.30000,11.67851,0.07587
0.10000,0.10000,0.00100,0.85000,2.40000,0.20000,0.05000,11.43912,0.08011
0.10000,0.10000,0.00100,0.85000,2.40000,0.20000,0.10000,11.19626,0.08447
0.10000,0.10000,0.00100,0.85000,2.40000,0.20000,0.15000,11.06505,0.08692
0.10000,0.10000,0.00100,0.85000,2.40000,0.20000,0.20000,10.99032,0.08827
0.10000,0.10000,0.00100,0.85000,2.40000,0.20000,0.25000,10.94253,0.08910
0.10000,0.10000,0.00100,0.85000,2.40000,0.20000,0.30000,10.89249,0.08998
0.10000,0.10000,0.00100,0.85000,2.40000,0.25000,0.05000,10.95933,0.08845
0.10000,0.10000,0.00100,0.85000,2.40000,0.25000,0.10000,10.99108,0.08764
0.10000,0.10000,0.00100,0.85000,2.40000,0.25000,0.15000,10.98624,0.08760
0.10000,0.10000,0.00100,0.85000,2.40000,0.25000,0.20000,10.97178,0.08779
0.10000,0.10000,0.00100,0.85000,2.40000,0.25000,0.25000,10.94497,0.08824
0.10000,0.10000,0.00100,0.85000,2.40000,0.25000,0.30000,10.92076,0.08864
0.10000,0.10000,0.00100,0.85000,2.40000,0.30000,0.05000,10.76513,0.09165
0.10000,0.10000,0.00100,0.85000,2.40000,0.30000,0.10000,10.62425,0.09452
0.10000,0.10000,0.00100,0.85000,2.40000,0.30000,0.15000,10.49426,0.09729
0.10000,0.10000,0.00100,0.85000,2.40000,0.30000,0.20000,10.40071,0.09933
0.10000,0.10000,0.00100,0.85000,2.40000,0.30000,0.25000,10.34466,0.10056
0.10000,0.10000,0.00100,0.85000,2.40000,0.30000,0.30000,10.31692,0.10118
0.10000,0.10000,0.00100,0.85000,2.40000,0.35000,0.05000,10.39438,0.09929
0.10000,0.10000,0.00100,0.85000,2.40000,0.35000,0.10000,10.42386,0.09849
0.10000,0.10000,0.00100,0.85000,2.40000,0.35000,0.15000,10.43531,0.09813
0.10000,0.10000,0.00100,0.85000,2.40000,0.35000,0.20000,10.45505,0.09763
0.10000,0.10000,0.00100,0.85000,2.40000,0.35000,0.25000,10.47876,0.09708
0.10000,0.10000,0.00100,0.85000,2.40000,0.35000,0.30000,10.51262,0.09634
0.10000,0.10000,0.00100,0.85000,2.40000,0.40000,0.05000,10.29838,0.10117
0.10000,0.10000,0.00100,0.85000,2.40000,0.40000,0.10000,10.19338,0.10356
0.10000,0.10000,0.00100,0.85000,2.40000,0.40000,0.15000,10.13578,0.10485
0.10000,0.10000,0.00100,0.85000,2.40000,0.40000,0.20000,10.10643,0.10545
0.10000,0.10000,0.00100,0.85000,2.40000,0.40000,0.25000,10.09337,0.10567
0.10000,0.10000,0.00100,0.85000,2.40000,0.40000,0.30000,10.08251,0.10590
0.10000,0.10000,0.00100,0.85000,2.40000,0.45000,0.05000,9.99434,0.10801
0.10000,0.10000,0.00100,0.85000,2.40000,0.45000,0.10000,9.94284,0.10918
0.10000,0.10000,0.00100,0.85000,2.40000,0.45000,0.15000,9.91115,0.10982
0.10000,0.10000,0.00100,0.85000,2.40000,0.45000,0.20000,9.89443,0.11013
0.10000,0.10000,0.00100,0.85000,2.40000,0.45000,0.25000,9.88573,0.11027
0.10000,0.10000,0.00100,0.85000,2.40000,0.45000,0.30000,9.88250,0.11028
0.10000,0.10000,0.00100,0.85000,2.40000,0.50000,0.05000,9.88104,0.11025
0.10000,0.10000,0.00100,0.85000,2.40000,0.50000,0.10000,9.90349,0.10966
0.10000,0.10000,0.00100,0.85000,2.40000,0.50000,0.15000,9.92111,0.10912
0.10000,0.10000,0.00100,0.85000,2.40000,0.50000,0.20000,9.93535,0.10873
0.10000,0.10000,0.00100,0.85000,2.40000,0.50000,0.25000,9.95185,0.10832
0.10000,0.10000,0.00100,0.85000,2.40000,0.50000,0.30000,9.97591,0.10778
0.10000,0.10000,0.00100,0.85000,2.50000,0.10000,0.05000,10.39578,0.09829
0.10000,0.10000,0.00100,0.85000,2.50000,0.10000,0.10000,10.85041,0.08922
0.10000,0.10000,0.00100,0.85000,2.50000,0.10000,0.15000,11.39441,0.07930
0.10000,0.10000,0.00100,0.85000,2.50000,0.10000,0.20000,11.82964,0.07233
0.10000,0.10000,0.00100,0.85000,2.50000,0.10000,0.25000,12.20957,0.06690
0.10000,0.10000,0.00100,0.85000,2.50000,0.10000,0.30000,12.50470,0.06312
0.10000,0.10000,0.00100,0.85000,2.50000,0.15000,0.05000,12.38558,0.06524
0.10000,0.10000,0.00100,0.85000,2.50000,0.15000,0.10000,12.42968,0.06494
0.10000,0.10000,0.00100,0.85000,2.50000,0.15000,0.15000,12.48419,0.06444
0.10000,0.10000,0.00100,0.85000,2.50000,0.15000,0.20000,12.48506,0.06468
0.10000,0.10000,0.00100,0.85000,2.50000,0.15000,0.25000,12.51871,0.06436
0.10000,0.10000,0.00100,0.85000,2.50000,0.15000,0.30000,12.51551,0.06454
0.10000,0.10000,0.00100,0.85000,2.50000,0.20000,0.05000,12.50845,0.06478
0.10000,0.10000,0.00100,0.85000,2.50000,0.20000,0.10000,12.29395,0.06793
0.10000,0.10000,0.00100,0.85000,2.50000,0.20000,0.15000,12.13587,0.07036
0.10000,0.10000,0.00100,0.85000,2.50000,0.20000,0.20000,12.02371,0.07205
0.10000,0.10000,0.00100,0.85000,2.50000,0.20000,0.25000,11.95783,0.07300
0.10000,0.10000,0.00100,0.85000,2.50000,0.20000,0.30000,11.91928,0.07352
0.10000,0.10000,0.00100,0.85000,2.50000,0.25000,0.05000,11.68774,0.07737
0.10000,0.10000,0.00100,0.85000,2.50000,0.25000,0.10000,11.47193,0.08096
0.10000,0.10000,0.00100,0.85000,2.50000,0.25000,0.15000,11.35656,0.08298
0.10000,0.10000,0.00100,0.85000,2.50000,0.25000,0.20000,11.26344,0.08462
0.10000,0.10000,0.00100,0.85000,2.50000,0.25000,0.25000,11.19835,0.08578
0.10000,0.10000,0.00100,0.85000,2.50000,0.25000,0.30000,11.15360,0.08659
0.10000,0.10000,0.00100,0.85000,2.50000,0.30000,0.05000,11.23265,0.08482
0.10000,0.10000,0.00100,0.85000,2.50000,0.30000,0.10000,11.28619,0.08364
0.10000,0.10000,0.00100,0.85000,2.50000,0.30000,0.15000,11.32038,0.08294
0.10000,0.10000,0.00100,0.85000,2.50000,0.30000,0.20000,11.37627,0.08188
0.10000,0.10000,0.00100,0.85000,2.50000,0.30000,0.25000,11.40518,0.08129
0.10000,0.10000,0.00100,0.85000,2.50000,0.30000,0.30000,11.42012,0.08090
0.10000,0.10000,0.00100,0.85000,2.50000,0.35000,0.05000,11.05604,0.08771
0.10000,0.10000,0.00100,0.85000,2.50000,0.35000,0.10000,10.88186,0.09117
0.10000,0.10000,0.00100,0.85000,2.50000,0.35000,0.15000,10.78927,0.09308
0.10000,0.10000,0.00100,0.85000,2.50000,0.35000,0.20000,10.72371,0.09444
0.10000,0.10000,0.00100,0.85000,2.50000,0.35000,0.25000,10.67825,0.09545
0.10000,0.10000,0.00100,0.85000,2.50000,0.35000,0.30000,10.65284,0.09603
0.10000,0.10000,0.00100,0.85000,2.50000,0.40000,0.05000,10.62273,0.09673
0.10000,0.10000,0.00100,0.85000,2.50000,0.40000,0.10000,10.61425,0.09709
0.10000,0.10000,0.00100,0.85000,2.50000,0.40000,0.15000,10.58484,0.09774
0.10000,0.10000,0.00100,0.85000,2.50000,0.40000,0.20000,10.58759,0.09769
0.10000,0.10000,0.00100,0.85000,2.50000,0.40000,0.25000,10.57954,0.09775
0.10000,0.10000,0.00100,0.85000,2.50000,0.40000,0.30000,10.57802,0.09770
0.10000,0.10000,0.00100,0.85000,2.50000,0.45000,0.05000,10.49399,0.09962
0.10000,0.10000,0.00100,0.85000,2.50000,0.45000,0.10000,10.44833,0.10081
0.10000,0.10000,0.00100,0.85000,2.50000,0.45000,0.15000,10.43842,0.10112
0.10000,0.10000,0.00100,0.85000,2.50000,0.45000,0.20000,10.42018,0.10154
0.10000,0.10000,0.00100,0.85000,2.50000,0.45000,0.25000,10.40637,0.10185
0.10000,0.10000,0.00100,0.85000,2.50000,0.45000,0.30000,10.38379,0.10225
0.10000,0.10000,0.00100,0.85000,2.50000,0.50000,0.05000,10.25254,0.10511
0.10000,0.10000,0.00100,0.85000,2.50000,0.50000,0.10000,10.15566,0.10710
0.10000,0.10000,0.00100,0.85000,2.50000,0.50000,0.15000,10.09379,0.10826
0.10000,0.10000,0.00100,0.85000,2.50000,0.50000,0.20000,10.06807,0.10869
0.10000,0.10000,0.00100,0.85000,2.50000,0.50000,0.25000,10.05015,0.10894
0.10000,0.10000,0.00100,0.85000,2.50000,0.50000,0.30000,10.05136,0.10871
0.10000,0.10000,0.00100,0.85000,2.60000,0.10000,0.05000,10.74648,0.09308
0.10000,0.10000,0.00100,0.85000,2.60000,0.10000,0.10000,11.03663,0.08744
0.10000,0.10000,0.00100,0.85000,2.60000,0.10000,0.15000,11.45404,0.07939
0.10000,0.10000,0.00100,0.85000,2.60000,0.10000,0.20000,11.65163,0.07602
0.10000,0.10000,0.00100,0.85000,2.60000,0.10000,0.25000,11.76282,0.07409
0.10000,0.10000,0.00100,0.85000,2.60000,0.10000,0.30000,11.90913,0.07196
0.10000,0.10000,0.00100,0.85000,2.60000,0.15000,0.05000,11.97828,0.07094
0.10000,0.10000,0.00100,0.85000,2.60000,0.15000,0.10000,11.88490,0.07241
0.10000,0.10000,0.00100,0.85000,2.60000,0.15000,0.15000,11.81922,0.07338
0.10000,0.10000,0.00100,0.85000,2.60000,0.15000,0.20000,11.71788,0.07494
0.10000,0.10000,0.00100,0.85000,2.60000,0.15000,0.25000,11.80609,0.07354
0.10000,0.10000,0.00100,0.85000,2.60000,0.15000,0.30000,11.61008,0.07659
0.10000,0.10000,0.00100,0.85000,2.60000,0.20000,0.05000,11.72687,0.07471
0.10000,0.10000,0.00100,0.85000,2.60000,0.20000,0.10000,11.84295,0.07293
0.10000,0.10000,0.00100,0.85000,2.60000,0.20000,0.15000,11.95652,0.07122
0.10000,0.10000,0.00100,0.85000,2.60000,0.20000,0.20000,11.99490,0.07062
0.10000,0.10000,0.00100,0.85000,2.60000,0.20000,0.25000,11.99936,0.07053
0.10000,0.10000,0.00100,0.85000,2.60000,0.20000,0.30000,11.99129,0.07066
0.10000,0.10000,0.00100,0.85000,2.60000,0.25000,0.05000,11.62746,0.07677
0.10000,0.10000,0.00100,0.85000,2.60000,0.25000,0.10000,11.38933,0.08095
0.10000,0.10000,0.00100,0.85000,2.60000,0.25000,0.15000,11.23646,0.08377
0.10000,0.10000,0.00100,0.85000,2.60000,0.25000,0.20000,11.10467,0.08619
0.10000,0.10000,0.00100,0.85000,2.60000,0.25000,0.25000,11.02257,0.08761
0.10000,0.10000,0.00100,0.85000,2.60000,0.25000,0.30000,10.92976,0.08926
0.10000,0.10000,0.00100,0.85000,2.60000,0.30000,0.05000,10.72959,0.09337
0.10000,0.10000,0.00100,0.85000,2.60000,0.30000,0.10000,10.48878,0.09819
0.10000,0.10000,0.00100,0.85000,2.60000,0.30000,0.15000,10.35934,0.10082
0.10000,0.10000,0.00100,0.85000,2.60000,0.30000,0.20000,10.25423,0.10301
0.10000,0.10000,0.00100,0.85000,2.60000,0.30000,0.25000,10.23986,0.10318
0.10000,0.10000,0.00100,0.85000,2.60000,0.30000,0.30000,10.12934,0.10558
0.10000,0.10000,0.00100,0.85000,2.60000,0.35000,0.05000,10.16886,0.10441
0.10000,0.10000,0.00100,0.85000,2.60000,0.35000,0.10000,10.22673,0.10275
0.10000,0.10000,0.00100,0.85000,2.60000,0.35000,0.15000,10.19009,0.10335
0.10000,0.10000,0.00100,0.85000,2.60000,0.35000,0.20000,10.21234,0.10264
0.10000,0.10000,0.00100,0.85000,2.60000,0.35000,0.25000,10.19691,0.10287
0.10000,0.10000,0.00100,0.85000,2.60000,0.35000,0.30000,10.20993,0.10245
0.10000,0.10000,0.00100,0.85000,2.60000,0.40000,0.05000,10.23060,0.10180
0.10000,0.10000,0.00100,0.85000,2.60000,0.40000,0.10000,10.26714,0.10093
0.10000,0.10000,0.00100,0.85000,2.60000,0.40000,0.15000,10.27887,0.10053
0.10000,0.10000,0.00100,0.85000,2.60000,0.40000,0.20000,10.30827,0.09974
0.10000,0.10000,0.00100,0.85000,2.60000,0.40000,0.25000,10.36191,0.09850
0.10000,0.10000,0.00100,0.85000,2.60000,0.40000,0.30000,10.39881,0.09769
0.10000,0.10000,0.00100,0.85000,2.60000,0.45000,0.05000,10.38773,0.09804
0.10000,0.10000,0.00100,0.85000,2.60000,0.45000,0.10000,10.38585,0.09817
0.10000,0.10000,0.00100,0.85000,2.60000,0.45000,0.15000,10.42034,0.09730
0.10000,0.10000,0.00100,0.85000,2.60000,0.45000,0.20000,10.49662,0.09551
0.10000,0.10000,0.00100,0.85000,2.60000,0.45000,0.25000,10.58805,0.09351
0.10000,0.10000,0.00100,0.85000,2.60000,0.45000,0.30000,10.68949,0.09145
0.10000,0.10000,0.00100,0.85000,2.60000,0.50000,0.05000,10.46115,0.09651
0.10000,0.10000,0.00100,0.85000,2.60000,0.50000,0.10000,10.32164,0.09966
0.10000,0.10000,0.00100,0.85000,2.60000,0.50000,0.15000,10.23030,0.10170
0.10000,0.10000,0.00100,0.85000,2.60000,0.50000,0.20000,10.16512,0.10318
0.10000,0.10000,0.00100,0.85000,2.60000,0.50000,0.25000,10.11521,0.10435
0.10000,0.10000,0.00100,0.85000,2.60000,0.50000,0.30000,10.09102,0.10501
0.10000,0.10000,0.00100,0.85000,2.70000,0.10000,0.05000,10.66104,0.09258
0.10000,0.10000,0.00100,0.85000,2.70000,0.10000,0.10000,11.53494,0.07658
0.10000,0.10000,0.00100,0.85000,2.70000,0.10000,0.15000,12.28480,0.06541
0.10000,0.10000,0.00100,0.85000,2.70000,0.10000,0.20000,13.01444,0.05621
0.10000,0.10000,0.00100,0.85000,2.70000,0.10000,0.25000,13.69047,0.04918
0.10000,0.10000,0.00100,0.85000,2.70000,0.10000,0.30000,14.17260,0.04493
0.10000,0.10000,0.00100,0.85000,2.70000,0.15000,0.05000,14.24215,0.04481
0.10000,0.10000,0.00100,0.85000,2.70000,0.15000,0.10000,14.23725,0.04532
0.10000,0.10000,0.00100,0.85000,2.70000,0.15000,0.15000,14.14987,0.04658
0.10000,0.10000,0.00100,0.85000,2.70000,0.15000,0.20000,14.03094,0.04807
0.10000,0.10000,0.00100,0.85000,2.70000,0.15000,0.25000,13.81688,0.05044
0.10000,0.10000,0.00100,0.85000,2.70000,0.15000,0.30000,13.53361,0.05360
0.10000,0.10000,0.00100,0.85000,2.70000,0.20000,0.05000,13.12473,0.05849
0.10000,0.10000,0.00100,0.85000,2.70000,0.20000,0.10000,12.66689,0.06417
0.10000,0.10000,0.00100,0.85000,2.70000,0.20000,0.15000,12.23848,0.07001
0.10000,0.10000,0.00100,0.85000,2.70000,0.20000,0.20000,11.88506,0.07519
0.10000,0.10000,0.00100,0.85000,2.70000,0.20000,0.25000,11.64883,0.07887
0.10000,0.10000,0.00100,0.85000,2.70000,0.20000,0.30000,11.49424,0.08141
0.10000,0.10000,0.00100,0.85000,2.70000,0.25000,0.05000,11.71796,0.07729
0.10000,0.10000,0.00100,0.85000,2.70000,0.25000,0.10000,11.71293,0.07734
0.10000,0.10000,0.00100,0.85000,2.70000,0.25000,0.15000,11.77836,0.07620
0.10000,0.10000,0.00100,0.85000,2.70000,0.25000,0.20000,11.87592,0.07452
0.10000,0.10000,0.00100,0.85000,2.70000,0.25000,0.25000,11.98083,0.07270
0.10000,0.10000,0.00100,0.85000,2.70000,0.25000,0.30000,12.09476,0.07073
0.10000,0.10000,0.00100,0.85000,2.70000,0.30000,0.05000,11.92756,0.07316
0.10000,0.10000,0.00100,0.85000,2.70000,0.30000,0.10000,11.80151,0.07512
0.10000,0.10000,0.00100,0.85000,2.70000,0.30000,0.15000,11.73641,0.07608
0.10000,0.10000,0.00100,0.85000,2.70000,0.30000,0.20000,11.68420,0.07680
0.10000,0.10000,0.00100,0.85000,2.70000,0.30000,0.25000,11.64662,0.07737
0.10000,0.10000,0.00100,0.85000,2.70000,0.30000,0.30000,11.60778,0.07797
0.10000,0.10000,0.00100,0.85000,2.70000,0.35000,0.05000,11.29648,0.08360
0.10000,0.10000,0.00100,0.85000,2.70000,0.35000,0.10000,11.13629,0.08674
0.10000,0.10000,0.00100,0.85000,2.70000,0.35000,0.15000,11.06641,0.08811
0.10000,0.10000,0.00100,0.85000,2.70000,0.35000,0.20000,11.04487,0.08849
0.10000,0.10000,0.00100,0.85000,2.70000,0.35000,0.25000,11.03215,0.08864
0.10000,0.10000,0.00100,0.85000,2.70000,0.35000,0.30000,11.02422,0.08879
0.10000,0.10000,0.00100,0.85000,2.70000,0.40000,0.05000,10.91438,0.09084
0.10000,0.10000,0.00100,0.85000,2.70000,0.40000,0.10000,10.88934,0.09124
0.10000,0.10000,0.00100,0.85000,2.70000,0.40000,0.15000,10.86854,0.09161
0.10000,0.10000,0.00100,0.85000,2.70000,0.40000,0.20000,10.85581,0.09175
0.10000,0.10000,0.00100,0.85000,2.70000,0.40000,0.25000,10.83992,0.09192
0.10000,0.10000,0.00100,0.85000,2.70000,0.40000,0.30000,10.82713,0.09204
0.10000,0.10000,0.00100,0.85000,2.70000,0.45000,0.05000,10.70488,0.09460
0.10000,0.10000,0.00100,0.85000,2.70000,0.45000,0.10000,10.65075,0.09571
0.10000,0.10000,0.00100,0.85000,2.70000,0.45000,0.15000,10.63099,0.09596
0.10000,0.10000,0.00100,0.85000,2.70000,0.45000,0.20000,10.64557,0.09544
0.10000,0.10000,0.00100,0.85000,2.70000,0.45000,0.25000,10.66624,0.09486
0.10000,0.10000,0.00100,0.85000,2.70000,0.45000,0.30000,10.65908,0.09478
0.10000,0.10000,0.00100,0.85000,2.70000,0.50000,0.05000,10.66741,0.09443
0.10000,0.10000,0.00100,0.85000,2.70000,0.50000,0.10000,10.68665,0.09395
0.10000,0.10000,0.00100,0.85000,2.70000,0.50000,0.15000,10.70947,0.09337
0.10000,0.10000,0.00100,0.85000,2.70000,0.50000,0.20000,10.72223,0.09300
0.10000,0.10000,0.00100,0.85000,2.70000,0.50000,0.25000,10.72491,0.09280
0.10000,0.10000,0.00100,0.85000,2.70000,0.50000,0.30000,10.72091,0.09269
0.10000,0.10000,0.00100,0.85000,2.80000,0.10000,0.05000,11.43029,0.07864
0.10000,0.10000,0.00100,0.85000,2.80000,0.10000,0.10000,11.85241,0.07202
0.10000,0.10000,0.00100,0.85000,2.80000,0.10000,0.15000,12.09318,0.06810
0.10000,0.10000,0.00100,0.85000,2.80000,0.10000,0.20000,12.70810,0.05975
0.10000,0.10000,0.00100,0.85000,2.80000,0.10000,0.25000,13.07122,0.05543
0.10000,0.10000,0.00100,0.85000,2.80000,0.10000,0.30000,13.43594,0.05164
0.10000,0.10000,0.00100,0.85000,2.80000,0.15000,0.05000,13.56961,0.05063
0.10000,0.10000,0.00100,0.85000,2.80000,0.15000,0.10000,13.72475,0.04926
0.10000,0.10000,0.00100,0.85000,2.80000,0.15000,0.15000,13.73752,0.04951
0.10000,0.10000,0.00100,0.85000,2.80000,0.15000,0.20000,13.72757,0.04984
0.10000,0.10000,0.00100,0.85000,2.80000,0.15000,0.25000,13.71407,0.05022
0.10000,0.10000,0.00100,0.85000,2.80000,0.15000,0.30000,13.69319,0.05075
0.10000,0.10000,0.00100,0.85000,2.80000,0.20000,0.05000,13.48323,0.05314
0.10000,0.10000,0.00100,0.85000,2.80000,0.20000,0.10000,13.14742,0.05740
0.10000,0.10000,0.00100,0.85000,2.80000,0.20000,0.15000,12.91176,0.06008
0.10000,0.10000,0.00100,0.85000,2.80000,0.20000,0.20000,12.78217,0.06185
0.10000,0.10000,0.00100,0.85000,2.80000,0.20000,0.25000,12.63433,0.06350
0.10000,0.10000,0.00100,0.85000,2.80000,0.20000,0.30000,12.60382,0.06390
0.10000,0.10000,0.00100,0.85000,2.80000,0.25000,0.05000,12.27102,0.06865
0.10000,0.10000,0.00100,0.85000,2.80000,0.25000,0.10000,12.02901,0.07235
0.10000,0.10000,0.00100,0.85000,2.80000,0.25000,0.15000,11.87412,0.07482
0.10000,0.10000,0.00100,0.85000,2.80000,0.25000,0.20000,11.75266,0.07678
0.10000,0.10000,0.00100,0.85000,2.80000,0.25000,0.25000,11.67973,0.07800
0.10000,0.10000,0.00100,0.85000,2.80000,0.25000,0.30000,11.61504,0.07905
0.10000,0.10000,0.00100,0.85000,2.80000,0.30000,0.05000,11.59432,0.07926
0.10000,0.10000,0.00100,0.85000,2.80000,0.30000,0.10000,11.52953,0.08032
0.10000,0.10000,0.00100,0.85000,2.80000,0.30000,0.15000,11.47627,0.08124
0.10000,0.10000,0.00100,0.85000,2.80000,0.30000,0.20000,11.45226,0.08156
0.10000,0.10000,0.00100,0.85000,2.80000,0.30000,0.25000,11.44369,0.08159
0.10000,0.10000,0.00100,0.85000,2.80000,0.30000,0.30000,11.45079,0.08134
0.10000,0.10000,0.00100,0.85000,2.80000,0.35000,0.05000,11.33534,0.08338
0.10000,0.10000,0.00100,0.85000,2.80000,0.35000,0.10000,11.31105,0.08375
0.10000,0.10000,0.00100,0.85000,2.80000,0.35000,0.15000,11.31324,0.08365
0.10000,0.10000,0.00100,0.85000,2.80000,0.35000,0.20000,11.30810,0.08358
0.10000,0.10000,0.00100,0.85000,2.80000,0.35000,0.25000,11.32079,0.08319
0.10000,0.10000,0.00100,0.85000,2.80000,0.35000,0.30000,11.34676,0.08252
0.10000,0.10000,0.00100,0.85000,2.80000,0.40000,0.05000,11.14690,0.08618
0.10000,0.10000,0.00100,0.85000,2.80000,0.40000,0.10000,11.05679,0.08787
0.10000,0.10000,0.00100,0.85000,2.80000,0.40000,0.15000,11.01548,0.08851
0.10000,0.10000,0.00100,0.85000,2.80000,0.40000,0.20000,10.99205,0.08881
0.10000,0.10000,0.00100,0.85000,2.80000,0.40000,0.25000,10.98408,0.08884
0.10000,0.10000,0.00100,0.85000,2.80000,0.40000,0.30000,10.98245,0.08878
0.10000,0.10000,0.00100,0.85000,2.80000,0.45000,0.05000,10.92284,0.08994
0.10000,0.10000,0.00100,0.85000,2.80000,0.45000,0.10000,10.89079,0.09063
0.10000,0.10000,0.00100,0.85000,2.80000,0.45000,0.15000,10.87848,0.09087
0.10000,0.10000,0.00100,0.85000,2.80000,0.45000,0.20000,10.88004,0.09078
0.10000,0.10000,0.00100,0.85000,2.80000,0.45000,0.25000,10.92338,0.08993
0.10000,0.10000,0.00100,0.85000,2.80000,0.45000,0.30000,10.97279,0.08893
0.10000,0.10000,0.00100,0.85000,2.80000,0.50000,0.05000,10.83982,0.09174
0.10000,0.10000,0.00100,0.85000,2.80000,0.50000,0.10000,10.79139,0.09286
0.10000,0.10000,0.00100,0.85000,2.80000,0.50000,0.15000,10.79222,0.09295
0.10000,0.10000,0.00100,0.85000,2.80000,0.50000,0.20000,10.81143,0.09265
0.10000,0.10000,0.00100,0.85000,2.80000,0.50000,0.25000,10.82796,0.09234
0.10000,0.10000,0.00100,0.85000,2.80000,0.50000,0.30000,10.84102,0.09209
0.10000,0.10000,0.00100,0.85000,2.90000,0.10000,0.05000,11.56521,0.07795
0.10000,0.10000,0.00100,0.85000,2.90000,0.10000,0.10000,11.96496,0.07114
0.10000,0.10000,0.00100,0.85000,2.90000,0.10000,0.15000,12.27282,0.06631
0.10000,0.10000,0.00100,0.85000,2.90000,0.10000,0.20000,12.54641,0.06240
0.10000,0.10000,0.00100,0.85000,2.90000,0.10000,0.25000,12.78494,0.05932
0.10000,0.10000,0.00100,0.85000,2.90000,0.10000,0.30000,12.95277,0.05734
0.10000,0.10000,0.00100,0.85000,2.90000,0.15000,0.05000,12.94335,0.05787
0.10000,0.10000,0.00100,0.85000,2.90000,0.15000,0.10000,12.95728,0.05749
0.10000,0.10000,0.00100,0.85000,2.90000,0.15000,0.15000,13.00984,0.05703
0.10000,0.10000,0.00100,0.85000,2.90000,0.15000,0.20000,13.03038,0.05693
0.10000,0.10000,0.00100,0.85000,2.90000,0.15000,0.25000,13.03892,0.05696
0.10000,0.10000,0.00100,0.85000,2.90000,0.15000,0.30000,13.06353,0.05667
0.10000,0.10000,0.00100,0.85000,2.90000,0.20000,0.05000,13.01291,0.05737
0.10000,0.10000,0.00100,0.85000,2.90000,0.20000,0.10000,13.00766,0.05739
0.10000,0.10000,0.00100,0.85000,2.90000,0.20000,0.15000,12.96763,0.05789
0.10000,0.10000,0.00100,0.85000,2.90000,0.20000,0.20000,12.91789,0.05853
0.10000,0.10000,0.00100,0.85000,2.90000,0.20000,0.25000,12.90267,0.05865
0.10000,0.10000,0.00100,0.85000,2.90000,0.20000,0.30000,12.86997,0.05904
0.10000,0.10000,0.00100,0.85000,2.90000,0.25000,0.05000,12.62450,0.06235
0.10000,0.10000,0.00100,0.85000,2.90000,0.25000,0.10000,12.35514,0.06612
0.10000,0.10000,0.00100,0.85000,2.90000,0.25000,0.15000,12.15290,0.06909
0.10000,0.10000,0.00100,0.85000,2.90000,0.25000,0.20000,12.00831,0.07132
0.10000,0.10000,0.00100,0.85000,2.90000,0.25000,0.25000,11.89907,0.07310
0.10000,0.10000,0.00100,0.85000,2.90000,0.25000,0.30000,11.79877,0.07477
0.10000,0.10000,0.00100,0.85000,2.90000,0.30000,0.05000,11.60817,0.07812
0.10000,0.10000,0.00100,0.85000,2.90000,0.30000,0.10000,11.48012,0.08060
0.10000,0.10000,0.00100,0.85000,2.90000,0.30000,0.15000,11.41135,0.08191
0.10000,0.10000,0.00100,0.85000,2.90000,0.30000,0.20000,11.36139,0.08283
0.10000,0.10000,0.00100,0.85000,2.90000,0.30000,0.25000,11.33809,0.08323
0.10000,0.10000,0.00100,0.85000,2.90000,0.30000,0.30000,11.31853,0.08357
0.10000,0.10000,0.00100,0.85000,2.90000,0.35000,0.05000,11.15443,0.08670
0.10000,0.10000,0.00100,0.85000,2.90000,0.35000,0.10000,11.05700,0.08874
0.10000,0.10000,0.00100,0.85000,2.90000,0.35000,0.15000,11.01151,0.08958
0.10000,0.10000,0.00100,0.85000,2.90000,0.35000,0.20000,10.99124,0.08993
0.10000,0.10000,0.00100,0.85000,2.90000,0.35000,0.25000,10.95825,0.09048
0.10000,0.10000,0.00100,0.85000,2.90000,0.35000,0.30000,10.92489,0.09101
0.10000,0.10000,0.00100,0.85000,2.90000,0.40000,0.05000,10.98898,0.08960
0.10000,0.10000,0.00100,0.85000,2.90000,0.40000,0.10000,11.03934,0.08850
0.10000,0.10000,0.00100,0.85000,2.90000,0.40000,0.15000,11.06493,0.08782
0.10000,0.10000,0.00100,0.85000,2.90000,0.40000,0.20000,11.08095,0.08733
0.10000,0.10000,0.00100,0.85000,2.90000,0.40000,0.25000,11.09687,0.08688
0.10000,0.10000,0.00100,0.85000,2.90000,0.40000,0.30000,11.11887,0.08635
0.10000,0.10000,0.00100,0.85000,2.90000,0.45000,0.05000,10.92938,0.09014
0.10000,0.10000,0.00100,0.85000,2.90000,0.45000,0.10000,10.83340,0.09211
0.10000,0.10000,0.00100,0.85000,2.90000,0.45000,0.15000,10.78596,0.09298
0.10000,0.10000,0.00100,0.85000,2.90000,0.45000,0.20000,10.76577,0.09332
0.10000,0.10000,0.00100,0.85000,2.90000,0.45000,0.25000,10.74650,0.09361
0.10000,0.10000,0.00100,0.85000,2.90000,0.45000,0.30000,10.74849,0.09348
0.10000,0.10000,0.00100,0.85000,2.90000,0.50000,0.05000,10.78261,0.09276
0.10000,0.10000,0.00100,0.85000,2.90000,0.50000,0.10000,10.81904,0.09196
0.10000,0.10000,0.00100,0.85000,2.90000,0.50000,0.15000,10.81567,0.09185
0.10000,0.10000,0.00100,0.85000,2.90000,0.50000,0.20000,10.83051,0.09141
0.10000,0.10000,0.00100,0.85000,2.90000,0.50000,0.25000,10.84832,0.09092
0.10000,0.10000,0.00100,0.85000,2.90000,0.50000,0.30000,10.88120,0.09017
0.10000,0.10000,0.00100,0.85000,3.00000,0.10000,0.05000,11.50814,0.07795
0.10000,0.10000,0.00100,0.85000,3.00000,0.10000,0.10000,12.18395,0.06713
0.10000,0.10000,0.00100,0.85000,3.00000,0.10000,0.15000,12.73215,0.05969
0.10000,0.10000,0.00100,0.85000,3.00000,0.10000,0.20000,13.09398,0.05545
0.10000,0.10000,0.00100,0.85000,3.00000,0.10000,0.25000,13.38408,0.05240
0.10000,0.10000,0.00100,0.85000,3.00000,0.10000,0.30000,13.61920,0.05015
0.10000,0.10000,0.00100,0.85000,3.00000,0.15000,0.05000,13.61377,0.05034
0.10000,0.10000,0.00100,0.85000,3.00000,0.15000,0.10000,13.57445,0.05118
0.10000,0.10000,0.00100,0.85000,3.00000,0.15000,0.15000,13.59613,0.05116
0.10000,0.10000,0.00100,0.85000,3.00000,0.15000,0.20000,13.55113,0.05186
0.10000,0.10000,0.00100,0.85000,3.00000,0.15000,0.25000,13.43291,0.05339
0.10000,0.10000,0.00100,0.85000,3.00000,0.15000,0.30000,13.25576,0.05562
0.10000,0.10000,0.00100,0.85000,3.00000,0.20000,0.05000,12.89462,0.06017
0.10000,0.10000,0.00100,0.85000,3.00000,0.20000,0.10000,12.59952,0.06405
0.10000,0.10000,0.00100,0.85000,3.00000,0.20000,0.15000,12.35402,0.06733
0.10000,0.10000,0.00100,0.85000,3.00000,0.20000,0.20000,12.14305,0.07057
0.10000,0.10000,0.00100,0.85000,3.00000,0.20000,0.25000,12.01347,0.07236
0.10000,0.10000,0.00100,0.85000,3.00000,0.20000,0.30000,11.92865,0.07378
0.10000,0.10000,0.00100,0.85000,3.00000,0.25000,0.05000,11.86588,0.07471
0.10000,0.10000,0.00100,0.85000,3.00000,0.25000,0.10000,11.82903,0.07495
0.10000,0.10000,0.00100,0.85000,3.00000,0.25000,0.15000,11.80655,0.07516
0.10000,0.10000,0.00100,0.85000,3.00000,0.25000,0.20000,11.86101,0.07432
0.10000,0.10000,0.00100,0.85000,3.00000,0.25000,0.25000,11.84269,0.07437
0.10000,0.10000,0.00100,0.85000,3.00000,0.25000,0.30000,11.85242,0.07429
0.10000,0.10000,0.00100,0.85000,3.00000,0.30000,0.05000,11.67647,0.07720
0.10000,0.10000,0.00100,0.85000,3.00000,0.30000,0.10000,11.52482,0.07981
0.10000,0.10000,0.00100,0.85000,3.00000,0.30000,0.15000,11.43678,0.08117
0.10000,0.10000,0.00100,0.85000,3.00000,0.30000,0.20000,11.37793,0.08230
0.10000,0.10000,0.00100,0.85000,3.00000,0.30000,0.25000,11.31547,0.08346
0.10000,0.10000,0.00100,0.85000,3.00000,0.30000,0.30000,11.26325,0.08444
0.10000,0.10000,0.00100,0.85000,3.00000,0.35000,0.05000,11.50248,0.07970
0.10000,0.10000,0.00100,0.85000,3.00000,0.35000,0.10000,11.60495,0.07763
0.10000,0.10000,0.00100,0.85000,3.00000,0.35000,0.15000,11.66103,0.07649
0.10000,0.10000,0.00100,0.85000,3.00000,0.35000,0.20000,11.68756,0.07588
0.10000,0.10000,0.00100,0.85000,3.00000,0.35000,0.25000,11.71623,0.07522
0.10000,0.10000,0.00100,0.85000,3.00000,0.35000,0.30000,11.74959,0.07458
0.10000,0.10000,0.00100,0.85000,3.00000,0.40000,0.05000,11.31539,0.08248
0.10000,0.10000,0.00100,0.85000,3.00000,0.40000,0.10000,11.06886,0.08738
0.10000,0.10000,0.00100,0.85000,3.00000,0.40000,0.15000,10.93788,0.09011
0.10000,0.10000,0.00100,0.85000,3.00000,0.40000,0.20000,10.87811,0.09129
0.10000,0.10000,0.00100,0.85000,3.00000,0.40000,0.25000,10.84552,0.09188
0.10000,0.10000,0.00100,0.85000,3.00000,0.40000,0.30000,10.83590,0.09201
0.10000,0.10000,0.00100,0.85000,3.00000,0.45000,0.05000,10.88229,0.09087
0.10000,0.10000,0.00100,0.85000,3.00000,0.45000,0.10000,10.90741,0.09020
0.10000,0.10000,0.00100,0.85000,3.00000,0.45000,0.15000,10.94093,0.08934
0.10000,0.10000,0.00100,2.00000,0.10000,0.05000,25.61681,0.00274
0.10000,0.10000,0.00100,2.00000,0.10000,0.10000,22.94429,0.00509
0.10000,0.10000,0.00100,2.00000,0.10000,0.15000,20.38664,0.00920
0.10000,0.10000,0.00100,2.00000,0.10000,0.20000,18.10457,0.01559
0.10000,0.10000,0.00100,2.00000,0.10000,0.25000,16.13827,0.02454
0.10000,0.10000,0.00100,2.00000,0.10000,0.30000,14.50168,0.03576
0.10000,0.10000,0.00100,2.00000,0.15000,0.05000,13.00411,0.05043
0.10000,0.10000,0.00100,2.00000,0.15000,0.10000,12.13616,0.06157
0.10000,0.10000,0.00100,2.00000,0.15000,0.15000,11.61201,0.06949
0.10000,0.10000,0.00100,2.00000,0.15000,0.20000,11.21308,0.07619
0.10000,0.10000,0.00100,2.00000,0.15000,0.25000,10.86173,0.08263
0.10000,0.10000,0.00100,2.00000,0.15000,0.30000,10.54566,0.08886
0.10000,0.10000,0.00100,2.00000,0.20000,0.05000,9.98253,0.10111
0.10000,0.10000,0.00100,2.00000,0.20000,0.10000,9.41354,0.11519
0.10000,0.10000,0.00100,2.00000,0.20000,0.15000,8.84412,0.13123
0.10000,0.10000,0.00100,2.00000,0.20000,0.20000,8.31387,0.14821
0.10000,0.10000,0.00100,2.00000,0.20000,0.25000,7.84188,0.16515
0.10000,0.10000,0.00100,2.00000,0.20000,0.30000,7.40367,0.18264
0.10000,0.10000,0.00100,2.00000,0.25000,0.05000,6.81896,0.20894
0.10000,0.10000,0.00100,2.00000,0.25000,0.10000,6.30611,0.23516
0.10000,0.10000,0.00100,2.00000,0.25000,0.15000,5.89625,0.25832
0.10000,0.10000,0.00100,2.00000,0.25000,0.20000,5.50726,0.28239
0.10000,0.10000,0.00100,2.00000,0.25000,0.25000,5.22389,0.30144
0.10000,0.10000,0.00100,2.00000,0.25000,0.30000,5.00104,0.31729
0.10000,0.10000,0.00100,2.00000,0.30000,0.05000,4.66460,0.34283
0.10000,0.10000,0.00100,2.00000,0.30000,0.10000,4.38699,0.36543
0.10000,0.10000,0.00100,2.00000,0.30000,0.15000,4.19983,0.38161
0.10000,0.10000,0.00100,2.00000,0.30000,0.20000,4.04296,0.39567
0.10000,0.10000,0.00100,2.00000,0.30000,0.25000,3.99390,0.40016
0.10000,0.10000,0.00100,2.00000,0.30000,0.30000,3.99818,0.39975
0.10000,0.10000,0.00100,2.00000,0.35000,0.05000,3.87700,0.41123
0.10000,0.10000,0.00100,2.00000,0.35000,0.10000,3.77688,0.42088
0.10000,0.10000,0.00100,2.00000,0.35000,0.15000,3.77968,0.42061
0.10000,0.10000,0.00100,2.00000,0.35000,0.20000,3.81635,0.41748
0.10000,0.10000,0.00100,2.00000,0.35000,0.25000,3.91609,0.40812
0.10000,0.10000,0.00100,2.00000,0.35000,0.30000,4.02246,0.39827
0.10000,0.10000,0.00100,2.00000,0.40000,0.05000,4.01517,0.39907
0.10000,0.10000,0.00100,2.00000,0.40000,0.10000,4.02740,0.39815
0.10000,0.10000,0.00100,2.00000,0.40000,0.15000,4.06374,0.39497
0.10000,0.10000,0.00100,2.00000,0.40000,0.20000,4.11784,0.39009
0.10000,0.10000,0.00100,2.00000,0.40000,0.25000,4.17398,0.38500
0.10000,0.10000,0.00100,2.00000,0.40000,0.30000,4.28101,0.37567
0.10000,0.10000,0.00100,2.00000,0.45000,0.05000,4.23077,0.38047
0.10000,0.10000,0.00100,2.00000,0.45000,0.10000,4.15523,0.38767
0.10000,0.10000,0.00100,2.00000,0.45000,0.15000,4.13259,0.39005
0.10000,0.10000,0.00100,2.00000,0.45000,0.20000,4.11309,0.39184
0.10000,0.10000,0.00100,2.00000,0.45000,0.25000,4.14156,0.38936
0.10000,0.10000,0.00100,2.00000,0.45000,0.30000,4.19087,0.38504
0.10000,0.10000,0.00100,2.00000,0.50000,0.05000,4.08018,0.39493
0.10000,0.10000,0.00100,2.00000,0.50000,0.10000,3.97983,0.40422
0.10000,0.10000,0.00100,2.00000,0.50000,0.15000,3.91213,0.41041
0.10000,0.10000,0.00100,2.00000,0.50000,0.20000,3.91586,0.40999
0.10000,0.10000,0.00100,2.00000,0.50000,0.25000,3.95682,0.40628
0.10000,0.10000,0.00100,2.00000,0.50000,0.30000,4.02829,0.39940
0.10000,0.10000,0.00100,2.10000,0.10000,0.05000,4.71797,0.33898
0.10000,0.10000,0.00100,2.10000,0.10000,0.10000,5.32823,0.29429
0.10000,0.10000,0.00100,2.10000,0.10000,0.15000,5.86709,0.25989
0.10000,0.10000,0.00100,2.10000,0.10000,0.20000,6.34863,0.23258
0.10000,0.10000,0.00100,2.10000,0.10000,0.25000,6.79377,0.20996
0.10000,0.10000,0.00100,2.10000,0.10000,0.30000,7.22464,0.19019
0.10000,0.10000,0.00100,2.10000,0.15000,0.05000,7.47474,0.17961
0.10000,0.10000,0.00100,2.10000,0.15000,0.10000,7.65425,0.17236
0.10000,0.10000,0.00100,2.10000,0.15000,0.15000,7.83887,0.16524
0.10000,0.10000,0.00100,2.10000,0.15000,0.20000,8.00452,0.15907
0.10000,0.10000,0.00100,2.10000,0.15000,0.25000,8.12872,0.15463
0.10000,0.10000,0.00100,2.10000,0.15000,0.30000,8.25402,0.15029
0.10000,0.10000,0.00100,2.10000,0.20000,0.05000,8.19191,0.15252
0.10000,0.10000,0.00100,2.10000,0.20000,0.10000,8.15351,0.15394
0.10000,0.10000,0.00100,2.10000,0.20000,0.15000,8.17068,0.15336
0.10000,0.10000,0.00100,2.10000,0.20000,0.20000,8.21507,0.15178
0.10000,0.10000,0.00100,2.10000,0.20000,0.25000,8.26861,0.14992
0.10000,0.10000,0.00100,2.10000,0.20000,0.30000,8.31685,0.14838
0.10000,0.10000,0.00100,2.10000,0.25000,0.05000,8.16316,0.15395
0.10000,0.10000,0.00100,2.10000,0.25000,0.10000,8.02909,0.15882
0.10000,0.10000,0.00100,2.10000,0.25000,0.15000,7.94749,0.16181
0.10000,0.10000,0.00100,2.10000,0.25000,0.20000,7.87835,0.16438
0.10000,0.10000,0.00100,2.10000,0.25000,0.25000,7.82443,0.16638
0.10000,0.10000,0.00100,2.10000,0.25000,0.30000,7.78994,0.16766
0.10000,0.10000,0.00100,2.10000,0.30000,0.05000,7.61991,0.17447
0.10000,0.10000,0.00100,2.10000,0.30000,0.10000,7.48152,0.18034
0.10000,0.10000,0.00100,2.10000,0.30000,0.15000,7.40940,0.18344
0.10000,0.10000,0.00100,2.10000,0.30000,0.20000,7.35609,0.18570
0.10000,0.10000,0.00100,2.10000,0.30000,0.25000,7.30048,0.18800
0.10000,0.10000,0.00100,2.10000,0.30000,0.30000,7.25319,0.19008
0.10000,0.10000,0.00100,2.10000,0.35000,0.05000,7.09556,0.19748
0.10000,0.10000,0.00100,2.10000,0.35000,0.10000,7.01570,0.20143
0.10000,0.10000,0.00100,2.10000,0.35000,0.15000,6.98307,0.20312
0.10000,0.10000,0.00100,2.10000,0.35000,0.20000,6.97818,0.20340
0.10000,0.10000,0.00100,2.10000,0.35000,0.25000,7.01404,0.20185
0.10000,0.10000,0.00100,2.10000,0.35000,0.30000,7.04840,0.20033
0.10000,0.10000,0.00100,2.10000,0.40000,0.05000,6.92563,0.20619
0.10000,0.10000,0.00100,2.10000,0.40000,0.10000,6.83479,0.21050
0.10000,0.10000,0.00100,2.10000,0.40000,0.15000,6.80451,0.21212
0.10000,0.10000,0.00100,2.10000,0.40000,0.20000,6.79973,0.21233
0.10000,0.10000,0.00100,2.10000,0.40000,0.25000,6.78287,0.21308
0.10000,0.10000,0.00100,2.10000,0.40000,0.30000,6.78813,0.21276
0.10000,0.10000,0.00100,2.10000,0.45000,0.05000,6.64744,0.21997
0.10000,0.10000,0.00100,2.10000,0.45000,0.10000,6.52713,0.22619
0.10000,0.10000,0.00100,2.10000,0.45000,0.15000,6.42811,0.23111
0.10000,0.10000,0.00100,2.10000,0.45000,0.20000,6.34703,0.23512
0.10000,0.10000,0.00100,2.10000,0.45000,0.25000,6.29253,0.23797
0.10000,0.10000,0.00100,2.10000,0.45000,0.30000,6.23573,0.24086
0.10000,0.10000,0.00100,2.10000,0.50000,0.05000,6.05169,0.25135
0.10000,0.10000,0.00100,2.10000,0.50000,0.10000,5.89519,0.26061
0.10000,0.10000,0.00100,2.10000,0.50000,0.15000,5.79677,0.26662
0.10000,0.10000,0.00100,2.10000,0.50000,0.20000,5.71861,0.27108
0.10000,0.10000,0.00100,2.10000,0.50000,0.25000,5.69543,0.27239
0.10000,0.10000,0.00100,2.10000,0.50000,0.30000,5.69373,0.27244
0.10000,0.10000,0.00100,2.20000,0.10000,0.05000,6.54025,0.22296
0.10000,0.10000,0.00100,2.20000,0.10000,0.10000,7.29777,0.18713
0.10000,0.10000,0.00100,2.20000,0.10000,0.15000,7.98609,0.15964
0.10000,0.10000,0.00100,2.20000,0.10000,0.20000,8.68769,0.13585
0.10000,0.10000,0.00100,2.20000,0.10000,0.25000,9.20782,0.12064
0.10000,0.10000,0.00100,2.20000,0.10000,0.30000,9.58579,0.11077
0.10000,0.10000,0.00100,2.20000,0.15000,0.05000,9.73857,0.10706
0.10000,0.10000,0.00100,2.20000,0.15000,0.10000,9.84196,0.10461
0.10000,0.10000,0.00100,2.20000,0.15000,0.15000,9.98020,0.10143
0.10000,0.10000,0.00100,2.20000,0.15000,0.20000,10.14836,0.09764
0.10000,0.10000,0.00100,2.20000,0.15000,0.25000,10.41119,0.09197
0.10000,0.10000,0.00100,2.20000,0.15000,0.30000,10.64912,0.08718
0.10000,0.10000,0.00100,2.20000,0.20000,0.05000,10.69374,0.08639
0.10000,0.10000,0.00100,2.20000,0.20000,0.10000,10.65827,0.08718
0.10000,0.10000,0.00100,2.20000,0.20000,0.15000,10.69183,0.08662
0.10000,0.10000,0.00100,2.20000,0.20000,0.20000,10.74307,0.08571
0.10000,0.10000,0.00100,2.20000,0.20000,0.25000,10.81882,0.08431
0.10000,0.10000,0.00100,2.20000,0.20000,0.30000,10.87304,0.08336
0.10000,0.10000,0.00100,2.20000,0.25000,0.05000,10.74881,0.08576
0.10000,0.10000,0.00100,2.20000,0.25000,0.10000,10.68095,0.08712
0.10000,0.10000,0.00100,2.20000,0.25000,0.15000,10.64904,0.08776
0.10000,0.10000,0.00100,2.20000,0.25000,0.20000,10.62681,0.08826
0.10000,0.10000,0.00100,2.20000,0.25000,0.25000,10.62957,0.08825
0.10000,0.10000,0.00100,2.20000,0.25000,0.30000,10.63952,0.08808
0.10000,0.10000,0.00100,2.20000,0.30000,0.05000,10.49937,0.09101
0.10000,0.10000,0.00100,2.20000,0.30000,0.10000,10.41438,0.09272
0.10000,0.10000,0.00100,2.20000,0.30000,0.15000,10.38190,0.09341
0.10000,0.10000,0.00100,2.20000,0.30000,0.20000,10.38789,0.09334
0.10000,0.10000,0.00100,2.20000,0.30000,0.25000,10.41619,0.09279
0.10000,0.10000,0.00100,2.20000,0.30000,0.30000,10.45077,0.09214
0.10000,0.10000,0.00100,2.20000,0.35000,0.05000,10.32313,0.09484
0.10000,0.10000,0.00100,2.20000,0.35000,0.10000,10.22384,0.09706
0.10000,0.10000,0.00100,2.20000,0.35000,0.15000,10.18090,0.09803
0.10000,0.10000,0.00100,2.20000,0.35000,0.20000,10.18721,0.09789
0.10000,0.10000,0.00100,2.20000,0.35000,0.25000,10.20193,0.09758
0.10000,0.10000,0.00100,2.20000,0.35000,0.30000,10.22150,0.09716
0.10000,0.10000,0.00100,2.20000,0.40000,0.05000,10.08613,0.10026
0.10000,0.10000,0.00100,2.20000,0.40000,0.10000,9.97948,0.10272
0.10000,0.10000,0.00100,2.20000,0.40000,0.15000,9.93289,0.10383
0.10000,0.10000,0.00100,2.20000,0.40000,0.20000,9.90908,0.10432
0.10000,0.10000,0.00100,2.20000,0.40000,0.25000,9.89409,0.10480
0.10000,0.10000,0.00100,2.20000,0.40000,0.30000,9.87520,0.10537
0.10000,0.10000,0.00100,2.20000,0.45000,0.05000,9.68794,0.11025
0.10000,0.10000,0.00100,2.20000,0.45000,0.10000,9.55275,0.11387
0.10000,0.10000,0.00100,2.20000,0.45000,0.15000,9.48751,0.11566
0.10000,0.10000,0.00100,2.20000,0.45000,0.20000,9.45144,0.11661
0.10000,0.10000,0.00100,2.20000,0.45000,0.25000,9.43408,0.11705
0.10000,0.10000,0.00100,2.20000,0.45000,0.30000,9.42519,0.11730
0.10000,0.10000,0.00100,2.20000,0.50000,0.05000,9.23286,0.12263
0.10000,0.10000,0.00100,2.20000,0.50000,0.10000,9.06366,0.12742
0.10000,0.10000,0.00100,2.20000,0.50000,0.15000,8.96675,0.13005
0.10000,0.10000,0.00100,2.20000,0.50000,0.20000,8.88968,0.13230
0.10000,0.10000,0.00100,2.20000,0.50000,0.25000,8.82889,0.13412
0.10000,0.10000,0.00100,2.20000,0.50000,0.30000,8.81653,0.13449
0.10000,0.10000,0.00100,2.30000,0.10000,0.05000,9.94262,0.10324
0.10000,0.10000,0.00100,2.30000,0.10000,0.10000,10.99121,0.08143
0.10000,0.10000,0.00100,2.30000,0.10000,0.15000,11.72449,0.06911
0.10000,0.10000,0.00100,2.30000,0.10000,0.20000,12.30180,0.06085
0.10000,0.10000,0.00100,2.30000,0.10000,0.25000,12.83472,0.05415
0.10000,0.10000,0.00100,2.30000,0.10000,0.30000,13.30345,0.04886
0.10000,0.10000,0.00100,2.30000,0.15000,0.05000,13.57066,0.04612
0.10000,0.10000,0.00100,2.30000,0.15000,0.10000,13.74628,0.04443
0.10000,0.10000,0.00100,2.30000,0.15000,0.15000,13.93217,0.04273
0.10000,0.10000,0.00100,2.30000,0.15000,0.20000,14.11369,0.04113
0.10000,0.10000,0.00100,2.30000,0.15000,0.25000,14.28321,0.03972
0.10000,0.10000,0.00100,2.30000,0.15000,0.30000,14.37918,0.03897
0.10000,0.10000,0.00100,2.30000,0.20000,0.05000,14.31880,0.03949
0.10000,0.10000,0.00100,2.30000,0.20000,0.10000,14.26025,0.04001
0.10000,0.10000,0.00100,2.30000,0.20000,0.15000,14.17468,0.04081
0.10000,0.10000,0.00100,2.30000,0.20000,0.20000,14.12676,0.04132
0.10000,0.10000,0.00100,2.30000,0.20000,0.25000,14.10667,0.04157
0.10000,0.10000,0.00100,2.30000,0.20000,0.30000,14.07920,0.04189
0.10000,0.10000,0.00100,2.30000,0.25000,0.05000,13.83016,0.04417
0.10000,0.10000,0.00100,2.30000,0.25000,0.10000,13.66213,0.04575
0.10000,0.10000,0.00100,2.30000,0.25000,0.15000,13.55096,0.04686
0.10000,0.10000,0.00100,2.30000,0.25000,0.20000,13.53104,0.04707
0.10000,0.10000,0.00100,2.30000,0.25000,0.25000,13.51031,0.04728
0.10000,0.10000,0.00100,2.30000,0.25000,0.30000,13.45375,0.04786
0.10000,0.10000,0.00100,2.30000,0.30000,0.05000,13.18355,0.05076
0.10000,0.10000,0.00100,2.30000,0.30000,0.10000,13.00635,0.05275
0.10000,0.10000,0.00100,2.30000,0.30000,0.15000,12.89439,0.05408
0.10000,0.10000,0.00100,2.30000,0.30000,0.20000,12.80593,0.05515
0.10000,0.10000,0.00100,2.30000,0.30000,0.25000,12.71268,0.05631
0.10000,0.10000,0.00100,2.30000,0.30000,0.30000,12.60536,0.05772
0.10000,0.10000,0.00100,2.30000,0.35000,0.05000,12.35726,0.06084
0.10000,0.10000,0.00100,2.30000,0.35000,0.10000,12.16950,0.06345
0.10000,0.10000,0.00100,2.30000,0.35000,0.15000,12.09107,0.06463
0.10000,0.10000,0.00100,2.30000,0.35000,0.20000,12.02114,0.06566
0.10000,0.10000,0.00100,2.30000,0.35000,0.25000,11.94497,0.06680
0.10000,0.10000,0.00100,2.30000,0.35000,0.30000,11.87676,0.06784
0.10000,0.10000,0.00100,2.30000,0.40000,0.05000,11.64026,0.07134
0.10000,0.10000,0.00100,2.30000,0.40000,0.10000,11.45800,0.07432
0.10000,0.10000,0.00100,2.30000,0.40000,0.15000,11.34382,0.07621
0.10000,0.10000,0.00100,2.30000,0.40000,0.20000,11.25375,0.07775
0.10000,0.10000,0.00100,2.30000,0.40000,0.25000,11.17206,0.07924
0.10000,0.10000,0.00100,2.30000,0.40000,0.30000,11.09657,0.08063
0.10000,0.10000,0.00100,2.30000,0.45000,0.05000,10.82623,0.08556
0.10000,0.10000,0.00100,2.30000,0.45000,0.10000,10.63856,0.08938
0.10000,0.10000,0.00100,2.30000,0.45000,0.15000,10.49784,0.09230
0.10000,0.10000,0.00100,2.30000,0.45000,0.20000,10.38085,0.09483
0.10000,0.10000,0.00100,2.30000,0.45000,0.25000,10.31640,0.09620
0.10000,0.10000,0.00100,2.30000,0.45000,0.30000,10.25212,0.09774
0.10000,0.10000,0.00100,2.30000,0.50000,0.05000,10.01246,0.10304
0.10000,0.10000,0.00100,2.30000,0.50000,0.10000,9.82726,0.10759
0.10000,0.10000,0.00100,2.30000,0.50000,0.15000,9.69299,0.11098
0.10000,0.10000,0.00100,2.30000,0.50000,0.20000,9.63500,0.11234
0.10000,0.10000,0.00100,2.30000,0.50000,0.25000,9.57957,0.11386
0.10000,0.10000,0.00100,2.30000,0.50000,0.30000,9.54822,0.11465
0.10000,0.10000,0.00100,2.40000,0.10000,0.05000,10.67729,0.08858
0.10000,0.10000,0.00100,2.40000,0.10000,0.10000,11.37119,0.07586
0.10000,0.10000,0.00100,2.40000,0.10000,0.15000,11.67955,0.07091
0.10000,0.10000,0.00100,2.40000,0.10000,0.20000,11.88070,0.06781
0.10000,0.10000,0.00100,2.40000,0.10000,0.25000,12.01815,0.06572
0.10000,0.10000,0.00100,2.40000,0.10000,0.30000,12.17419,0.06344
0.10000,0.10000,0.00100,2.40000,0.15000,0.05000,12.22951,0.06264
0.10000,0.10000,0.00100,2.40000,0.15000,0.10000,12.32751,0.06132
0.10000,0.10000,0.00100,2.40000,0.15000,0.15000,12.37042,0.06071
0.10000,0.10000,0.00100,2.40000,0.15000,0.20000,12.50589,0.05888
0.10000,0.10000,0.00100,2.40000,0.15000,0.25000,12.58238,0.05787
0.10000,0.10000,0.00100,2.40000,0.15000,0.30000,12.69914,0.05639
0.10000,0.10000,0.00100,2.40000,0.20000,0.05000,12.60291,0.05760
0.10000,0.10000,0.00100,2.40000,0.20000,0.10000,12.42942,0.05988
0.10000,0.10000,0.00100,2.40000,0.20000,0.15000,12.34258,0.06108
0.10000,0.10000,0.00100,2.40000,0.20000,0.20000,12.30122,0.06167
0.10000,0.10000,0.00100,2.40000,0.20000,0.25000,12.29881,0.06169
0.10000,0.10000,0.00100,2.40000,0.20000,0.30000,12.30206,0.06166
0.10000,0.10000,0.00100,2.40000,0.25000,0.05000,12.11023,0.06432
0.10000,0.10000,0.00100,2.40000,0.25000,0.10000,12.02450,0.06553
0.10000,0.10000,0.00100,2.40000,0.25000,0.15000,11.97128,0.06633
0.10000,0.10000,0.00100,2.40000,0.25000,0.20000,11.93278,0.06693
0.10000,0.10000,0.00100,2.40000,0.25000,0.25000,11.92020,0.06715
0.10000,0.10000,0.00100,2.40000,0.25000,0.30000,11.91533,0.06722
0.10000,0.10000,0.00100,2.40000,0.30000,0.05000,11.73655,0.06987
0.10000,0.10000,0.00100,2.40000,0.30000,0.10000,11.68167,0.07071
0.10000,0.10000,0.00100,2.40000,0.30000,0.15000,11.65675,0.07112
0.10000,0.10000,0.00100,2.40000,0.30000,0.20000,11.64165,0.07142
0.10000,0.10000,0.00100,2.40000,0.30000,0.25000,11.63742,0.07150
0.10000,0.10000,0.00100,2.40000,0.30000,0.30000,11.62625,0.07175
0.10000,0.10000,0.00100,2.40000,0.35000,0.05000,11.46845,0.07431
0.10000,0.10000,0.00100,2.40000,0.35000,0.10000,11.39560,0.07556
0.10000,0.10000,0.00100,2.40000,0.35000,0.15000,11.36361,0.07613
0.10000,0.10000,0.00100,2.40000,0.35000,0.20000,11.35041,0.07637
0.10000,0.10000,0.00100,2.40000,0.35000,0.25000,11.33743,0.07663
0.10000,0.10000,0.00100,2.40000,0.35000,0.30000,11.31703,0.07692
0.10000,0.10000,0.00100,2.40000,0.40000,0.05000,11.17908,0.07944
0.10000,0.10000,0.00100,2.40000,0.40000,0.10000,11.08990,0.08119
0.10000,0.10000,0.00100,2.40000,0.40000,0.15000,11.05927,0.08176
0.10000,0.10000,0.00100,2.40000,0.40000,0.20000,11.06196,0.08171
0.10000,0.10000,0.00100,2.40000,0.40000,0.25000,11.07926,0.08138
0.10000,0.10000,0.00100,2.40000,0.40000,0.30000,11.08514,0.08126
0.10000,0.10000,0.00100,2.40000,0.45000,0.05000,10.94210,0.08400
0.10000,0.10000,0.00100,2.40000,0.45000,0.10000,10.86187,0.08564
0.10000,0.10000,0.00100,2.40000,0.45000,0.15000,10.82718,0.08640
0.10000,0.10000,0.00100,2.40000,0.45000,0.20000,10.80094,0.08696
0.10000,0.10000,0.00100,2.40000,0.45000,0.25000,10.78791,0.08727
0.10000,0.10000,0.00100,2.40000,0.45000,0.30000,10.79378,0.08727
0.10000,0.10000,0.00100,2.40000,0.50000,0.05000,10.64545,0.09032
0.10000,0.10000,0.00100,2.40000,0.50000,0.10000,10.54144,0.09268
0.10000,0.10000,0.00100,2.40000,0.50000,0.15000,10.48390,0.09398
0.10000,0.10000,0.00100,2.40000,0.50000,0.20000,10.46329,0.09434
0.10000,0.10000,0.00100,2.40000,0.50000,0.25000,10.46629,0.09426
0.10000,0.10000,0.00100,2.40000,0.50000,0.30000,10.48806,0.09374
0.10000,0.10000,0.00100,2.50000,0.10000,0.05000,11.64328,0.07116
0.10000,0.10000,0.00100,2.50000,0.10000,0.10000,12.40464,0.06015
0.10000,0.10000,0.00100,2.50000,0.10000,0.15000,12.89631,0.05405
0.10000,0.10000,0.00100,2.50000,0.10000,0.20000,13.28029,0.04966
0.10000,0.10000,0.00100,2.50000,0.10000,0.25000,13.66846,0.04537
0.10000,0.10000,0.00100,2.50000,0.10000,0.30000,14.04788,0.04158
0.10000,0.10000,0.00100,2.50000,0.15000,0.05000,14.67315,0.03622
0.10000,0.10000,0.00100,2.50000,0.15000,0.10000,14.97814,0.03395
0.10000,0.10000,0.00100,2.50000,0.15000,0.15000,15.03203,0.03356
0.10000,0.10000,0.00100,2.50000,0.15000,0.20000,15.02008,0.03365
0.10000,0.10000,0.00100,2.50000,0.15000,0.25000,14.97294,0.03397
0.10000,0.10000,0.00100,2.50000,0.15000,0.30000,15.13750,0.03278
0.10000,0.10000,0.00100,2.50000,0.20000,0.05000,15.01476,0.03365
0.10000,0.10000,0.00100,2.50000,0.20000,0.10000,14.92669,0.03436
0.10000,0.10000,0.00100,2.50000,0.20000,0.15000,14.63322,0.03662
0.10000,0.10000,0.00100,2.50000,0.20000,0.20000,14.16580,0.04054
0.10000,0.10000,0.00100,2.50000,0.20000,0.25000,13.96128,0.04246
0.10000,0.10000,0.00100,2.50000,0.20000,0.30000,13.74444,0.04458
0.10000,0.10000,0.00100,2.50000,0.25000,0.05000,13.42417,0.04776
0.10000,0.10000,0.00100,2.50000,0.25000,0.10000,13.20988,0.05015
0.10000,0.10000,0.00100,2.50000,0.25000,0.15000,12.97147,0.05296
0.10000,0.10000,0.00100,2.50000,0.25000,0.20000,12.82267,0.05487
0.10000,0.10000,0.00100,2.50000,0.25000,0.25000,12.71942,0.05627
0.10000,0.10000,0.00100,2.50000,0.25000,0.30000,12.64573,0.05727
0.10000,0.10000,0.00100,2.50000,0.30000,0.05000,12.59941,0.05773
0.10000,0.10000,0.00100,2.50000,0.30000,0.10000,12.46997,0.05932
0.10000,0.10000,0.00100,2.50000,0.30000,0.15000,12.35529,0.06086
0.10000,0.10000,0.00100,2.50000,0.30000,0.20000,12.25115,0.06230
0.10000,0.10000,0.00100,2.50000,0.30000,0.25000,12.18200,0.06330
0.10000,0.10000,0.00100,2.50000,0.30000,0.30000,12.14239,0.06392
0.10000,0.10000,0.00100,2.50000,0.35000,0.05000,11.93744,0.06694
0.10000,0.10000,0.00100,2.50000,0.35000,0.10000,11.78965,0.06923
0.10000,0.10000,0.00100,2.50000,0.35000,0.15000,11.68466,0.07094
0.10000,0.10000,0.00100,2.50000,0.35000,0.20000,11.61058,0.07217
0.10000,0.10000,0.00100,2.50000,0.35000,0.25000,11.53653,0.07337
0.10000,0.10000,0.00100,2.50000,0.35000,0.30000,11.46371,0.07459
0.10000,0.10000,0.00100,2.50000,0.40000,0.05000,11.21168,0.07888
0.10000,0.10000,0.00100,2.50000,0.40000,0.10000,10.98490,0.08305
0.10000,0.10000,0.00100,2.50000,0.40000,0.15000,10.81499,0.08626
0.10000,0.10000,0.00100,2.50000,0.40000,0.20000,10.67329,0.08903
0.10000,0.10000,0.00100,2.50000,0.40000,0.25000,10.57944,0.09084
0.10000,0.10000,0.00100,2.50000,0.40000,0.30000,10.51365,0.09208
0.10000,0.10000,0.00100,2.50000,0.45000,0.05000,10.27475,0.09710
0.10000,0.10000,0.00100,2.50000,0.45000,0.10000,10.06786,0.10177
0.10000,0.10000,0.00100,2.50000,0.45000,0.15000,9.90365,0.10570
0.10000,0.10000,0.00100,2.50000,0.45000,0.20000,9.76934,0.10897
0.10000,0.10000,0.00100,2.50000,0.45000,0.25000,9.62637,0.11249
0.10000,0.10000,0.00100,2.50000,0.45000,0.30000,9.48421,0.11625
0.10000,0.10000,0.00100,2.50000,0.50000,0.05000,9.16583,0.12497
0.10000,0.10000,0.00100,2.50000,0.50000,0.10000,8.90050,0.13280
0.10000,0.10000,0.00100,2.50000,0.50000,0.15000,8.70998,0.13867
0.10000,0.10000,0.00100,2.50000,0.50000,0.20000,8.55054,0.14373
0.10000,0.10000,0.00100,2.50000,0.50000,0.25000,8.39523,0.14886
0.10000,0.10000,0.00100,2.50000,0.50000,0.30000,8.28252,0.15276
0.10000,0.10000,0.00100,2.60000,0.10000,0.05000,9.27418,0.12115
0.10000,0.10000,0.00100,2.60000,0.10000,0.10000,9.99213,0.10296
0.10000,0.10000,0.00100,2.60000,0.10000,0.15000,10.45550,0.09267
0.10000,0.10000,0.00100,2.60000,0.10000,0.20000,10.80690,0.08564
0.10000,0.10000,0.00100,2.60000,0.10000,0.25000,11.01548,0.08170
0.10000,0.10000,0.00100,2.60000,0.10000,0.30000,11.18956,0.07861
0.10000,0.10000,0.00100,2.60000,0.15000,0.05000,11.54648,0.07257
0.10000,0.10000,0.00100,2.60000,0.15000,0.10000,11.81941,0.06831
0.10000,0.10000,0.00100,2.60000,0.15000,0.15000,12.02902,0.06521
0.10000,0.10000,0.00100,2.60000,0.15000,0.20000,12.31678,0.06124
0.10000,0.10000,0.00100,2.60000,0.15000,0.25000,12.51670,0.05862
0.10000,0.10000,0.00100,2.60000,0.15000,0.30000,12.65523,0.05684
0.10000,0.10000,0.00100,2.60000,0.20000,0.05000,12.68122,0.05657
0.10000,0.10000,0.00100,2.60000,0.20000,0.10000,12.63358,0.05724
0.10000,0.10000,0.00100,2.60000,0.20000,0.15000,12.65783,0.05703
0.10000,0.10000,0.00100,2.60000,0.20000,0.20000,12.67612,0.05688
0.10000,0.10000,0.00100,2.60000,0.20000,0.25000,12.73138,0.05625
0.10000,0.10000,0.00100,2.60000,0.20000,0.30000,12.79782,0.05547
0.10000,0.10000,0.00100,2.60000,0.25000,0.05000,12.85558,0.05455
0.10000,0.10000,0.00100,2.60000,0.25000,0.10000,12.71922,0.05616
0.10000,0.10000,0.00100,2.60000,0.25000,0.15000,12.65002,0.05699
0.10000,0.10000,0.00100,2.60000,0.25000,0.20000,12.61581,0.05742
0.10000,0.10000,0.00100,2.60000,0.25000,0.25000,12.60326,0.05759
0.10000,0.10000,0.00100,2.60000,0.25000,0.30000,12.61429,0.05745
0.10000,0.10000,0.00100,2.60000,0.30000,0.05000,12.36897,0.06063
0.10000,0.10000,0.00100,2.60000,0.30000,0.10000,12.20818,0.06285
0.10000,0.10000,0.00100,2.60000,0.30000,0.15000,12.07467,0.06472
0.10000,0.10000,0.00100,2.60000,0.30000,0.20000,11.97357,0.06617
0.10000,0.10000,0.00100,2.60000,0.30000,0.25000,11.91479,0.06701
0.10000,0.10000,0.00100,2.60000,0.30000,0.30000,11.85980,0.06783
0.10000,0.10000,0.00100,2.60000,0.35000,0.05000,11.61654,0.07163
0.10000,0.10000,0.00100,2.60000,0.35000,0.10000,11.45966,0.07421
0.10000,0.10000,0.00100,2.60000,0.35000,0.15000,11.37073,0.07574
0.10000,0.10000,0.00100,2.60000,0.35000,0.20000,11.31564,0.07670
0.10000,0.10000,0.00100,2.60000,0.35000,0.25000,11.26936,0.07756
0.10000,0.10000,0.00100,2.60000,0.35000,0.30000,11.22350,0.07848
0.10000,0.10000,0.00100,2.60000,0.40000,0.05000,11.05648,0.08153
0.10000,0.10000,0.00100,2.60000,0.40000,0.10000,10.93475,0.08398
0.10000,0.10000,0.00100,2.60000,0.40000,0.15000,10.85526,0.08560
0.10000,0.10000,0.00100,2.60000,0.40000,0.20000,10.79054,0.08694
0.10000,0.10000,0.00100,2.60000,0.40000,0.25000,10.74276,0.08790
0.10000,0.10000,0.00100,2.60000,0.40000,0.30000,10.71621,0.08838
0.10000,0.10000,0.00100,2.60000,0.45000,0.05000,10.56507,0.09154
0.10000,0.10000,0.00100,2.60000,0.45000,0.10000,10.46836,0.09368
0.10000,0.10000,0.00100,2.60000,0.45000,0.15000,10.39376,0.09535
0.10000,0.10000,0.00100,2.60000,0.45000,0.20000,10.32706,0.09675
0.10000,0.10000,0.00100,2.60000,0.45000,0.25000,10.27542,0.09781
0.10000,0.10000,0.00100,2.60000,0.45000,0.30000,10.23315,0.09878
0.10000,0.10000,0.00100,2.60000,0.50000,0.05000,10.07906,0.10236
0.10000,0.10000,0.00100,2.60000,0.50000,0.10000,9.95768,0.10554
0.10000,0.10000,0.00100,2.60000,0.50000,0.15000,9.84641,0.10842
0.10000,0.10000,0.00100,2.60000,0.50000,0.20000,9.77414,0.11020
0.10000,0.10000,0.00100,2.60000,0.50000,0.25000,9.76145,0.11040
0.10000,0.10000,0.00100,2.60000,0.50000,0.30000,9.77799,0.10979
0.10000,0.10000,0.00100,2.70000,0.10000,0.05000,10.78862,0.08636
0.10000,0.10000,0.00100,2.70000,0.10000,0.10000,11.48502,0.07387
0.10000,0.10000,0.00100,2.70000,0.10000,0.15000,11.92010,0.06698
0.10000,0.10000,0.00100,2.70000,0.10000,0.20000,12.24326,0.06232
0.10000,0.10000,0.00100,2.70000,0.10000,0.25000,12.53249,0.05836
0.10000,0.10000,0.00100,2.70000,0.10000,0.30000,12.76218,0.05540
0.10000,0.10000,0.00100,2.70000,0.15000,0.05000,12.74537,0.05566
0.10000,0.10000,0.00100,2.70000,0.15000,0.10000,12.67569,0.05662
0.10000,0.10000,0.00100,2.70000,0.15000,0.15000,12.64006,0.05717
0.10000,0.10000,0.00100,2.70000,0.15000,0.20000,12.59222,0.05784
0.10000,0.10000,0.00100,2.70000,0.15000,0.25000,12.53263,0.05870
0.10000,0.10000,0.00100,2.70000,0.15000,0.30000,12.60185,0.05789
0.10000,0.10000,0.00100,2.70000,0.20000,0.05000,12.36866,0.06111
0.10000,0.10000,0.00100,2.70000,0.20000,0.10000,12.18759,0.06371
0.10000,0.10000,0.00100,2.70000,0.20000,0.15000,12.07982,0.06537
0.10000,0.10000,0.00100,2.70000,0.20000,0.20000,12.00456,0.06655
0.10000,0.10000,0.00100,2.70000,0.20000,0.25000,11.97934,0.06700
0.10000,0.10000,0.00100,2.70000,0.20000,0.30000,11.91715,0.06803
0.10000,0.10000,0.00100,2.70000,0.25000,0.05000,11.81902,0.06949
0.10000,0.10000,0.00100,2.70000,0.25000,0.10000,11.77077,0.07030
0.10000,0.10000,0.00100,2.70000,0.25000,0.15000,11.64533,0.07232
0.10000,0.10000,0.00100,2.70000,0.25000,0.20000,11.64183,0.07249
0.10000,0.10000,0.00100,2.70000,0.25000,0.25000,11.54950,0.07415
0.10000,0.10000,0.00100,2.70000,0.25000,0.30000,11.50197,0.07519
0.10000,0.10000,0.00100,2.70000,0.30000,0.05000,11.15703,0.08174
0.10000,0.10000,0.00100,2.70000,0.30000,0.10000,10.93153,0.08665
0.10000,0.10000,0.00100,2.70000,0.30000,0.15000,10.78351,0.09026
0.10000,0.10000,0.00100,2.70000,0.30000,0.20000,10.68559,0.09285
